-1.443 -0.678 15.096 159 149 137 -0.075001 -0.984533 -0.158335
-1.430 -0.678 15.063 157 153 142 0.063770 0.989017 0.133338
-1.426 -0.679 15.059 152 157 137 0.060696 0.990606 0.122537
-1.505 -0.678 15.116 172 160 146 0.026244 0.998331 0.051439
-1.476 -0.678 15.108 177 167 157 -0.045267 -0.994763 -0.091637
-1.497 -0.678 15.111 167 159 157 -0.035565 -0.996909 -0.070053
-1.501 -0.678 15.121 165 165 157 -0.017286 -0.999527 -0.025420
-1.526 -0.678 15.130 153 146 120 -0.000989 0.999940 -0.010880
-1.435 -0.675 15.076 134 128 106 -0.004984 0.999876 -0.014953
-1.431 -0.678 15.081 141 128 112 -0.013114 0.999690 -0.021184
-1.483 -0.677 15.109 156 145 143 0.009007 0.999815 0.017014
-1.530 -0.677 15.130 134 125 108 0.011096 0.999669 0.023201
-1.426 -0.679 15.068 151 148 143 0.013140 0.999643 0.023248
-1.489 -0.678 15.112 159 158 154 -0.030813 -0.997689 -0.060563
-1.426 -0.679 15.074 149 152 135 0.000983 0.999976 -0.006883
-1.484 -0.678 15.113 167 152 149 0.045357 0.994535 0.094033
-1.431 -0.678 15.060 153 151 139 0.058629 0.989792 0.129903
-1.432 -0.676 15.074 88 93 52 -0.028689 -0.997752 -0.060566
-1.432 -0.678 15.055 153 150 143 -0.058646 -0.990085 -0.127642
-1.431 -0.676 15.076 125 111 82 0.047966 0.993903 0.099279
-1.539 -0.676 15.135 158 157 155 0.011097 0.999714 0.021185
-1.503 -0.678 15.117 168 155 147 -0.042712 -0.995522 -0.084329
-1.509 -0.677 15.113 180 171 172 -0.024000 -0.998609 -0.046957
-1.516 -0.678 15.126 169 157 145 -0.058050 -0.991406 -0.117239
-1.502 -0.677 15.112 170 161 154 -0.038020 -0.996126 -0.079299
-1.473 -0.677 15.104 174 164 154 -0.024098 -0.998496 -0.049244
-1.435 -0.678 15.094 152 151 146 0.026352 0.998206 0.053758
-1.434 -0.677 15.063 129 121 108 0.040606 0.995407 0.086700
-1.436 -0.676 15.081 161 150 132 -0.040518 -0.995427 -0.086511
-1.449 -0.678 15.099 160 151 144 0.026352 0.998206 0.053758
-1.495 -0.678 15.115 163 155 152 0.026454 0.997829 0.060314
-1.493 -0.679 15.116 165 157 154 -0.021871 -0.998757 -0.044783
-1.453 -0.677 15.096 155 154 136 0.009079 0.999690 0.023202
-1.481 -0.678 15.109 161 152 147 0.015222 0.999562 0.025370
-1.464 -0.676 15.099 152 153 148 -0.000991 0.999889 -0.014865
-1.440 -0.679 15.096 168 155 149 0.002973 0.999913 -0.012883
-1.508 -0.678 15.121 161 158 141 0.019398 0.999486 0.025523
-1.521 -0.678 15.121 152 150 151 0.026088 0.998652 0.044872
-1.439 -0.677 15.085 157 148 149 0.015253 0.999560 0.025421
-1.498 -0.677 15.107 170 166 163 0.033076 0.997601 0.060816
-1.435 -0.675 15.073 100 84 84 -0.021610 -0.999190 -0.033958
-1.530 -0.678 15.135 153 146 127 0.024048 0.998502 0.049141
-1.435 -0.678 15.092 154 153 149 0.011096 0.999669 0.023201
-1.485 -0.676 15.103 169 160 151 0.002973 0.999936 0.010901
-1.459 -0.678 15.099 152 142 133 0.040760 0.994772 0.093639
-1.457 -0.677 15.094 162 153 148 -0.042627 -0.995722 -0.081975
-1.494 -0.677 15.107 173 166 158 0.040679 0.994996 0.091254
-1.496 -0.678 15.114 165 158 152 -0.044914 -0.995785 -0.079970
-1.426 -0.679 15.065 154 154 144 -0.063624 -0.989067 -0.133032
-1.467 -0.676 15.102 161 151 149 0.017494 0.999198 0.036016
-1.434 -0.675 15.072 82 69 60 0.030940 0.997537 0.062946
-1.435 -0.675 15.068 93 77 78 0.035211 0.997655 0.058686
-1.440 -0.677 15.090 154 140 137 -0.028804 -0.997465 -0.065075
-1.493 -0.679 15.113 169 161 159 0.055670 0.991834 0.114748
-1.521 -0.678 15.125 153 149 140 0.033269 0.997009 0.069758
-1.534 -0.677 15.134 146 147 131 0.009133 0.999525 0.029428
-1.511 -0.679 15.121 161 161 159 -0.011163 -0.999562 -0.027399
-1.436 -0.677 15.086 147 140 122 0.015313 0.999444 0.029606
-1.426 -0.677 15.048 159 155 152 0.009025 0.999778 0.019053
-1.498 -0.679 15.118 162 159 152 0.009008 0.999847 0.015013
-1.479 -0.677 15.103 153 147 151 0.038407 0.995301 0.088886
-1.444 -0.678 15.094 147 145 133 -0.038020 -0.996126 -0.079299
-1.426 -0.679 15.056 153 152 134 -0.007006 0.999831 -0.017014
-1.445 -0.678 15.091 156 152 141 -0.006992 0.999831 -0.016980
-1.463 -0.678 15.104 160 146 146 -0.002967 0.999956 -0.008902
-1.516 -0.678 15.129 165 159 147 0.019707 0.998811 0.044599
-1.425 -0.678 15.051 158 150 137 0.033474 0.996659 0.074506
-1.538 -0.677 15.138 150 146 134 0.040518 0.995427 0.086511
-1.453 -0.678 15.100 149 150 142 -0.045538 -0.994060 -0.098851
-1.445 -0.677 15.087 148 156 132 -0.032878 -0.997995 -0.054089
-1.430 -0.678 15.072 144 140 128 -0.062886 -0.991317 -0.115482
-1.515 -0.678 15.122 173 156 149 -0.015043 -0.999826 -0.011031
-1.449 -0.678 15.096 150 148 136 0.024143 0.998274 0.053535
-1.447 -0.676 15.090 144 147 130 0.032939 0.997747 0.058441
-1.507 -0.677 15.113 175 166 157 -0.058763 -0.989745 -0.130199
-1.502 -0.676 15.108 174 170 159 0.013088 0.999731 0.019129
-1.460 -0.676 15.097 163 153 152 0.053603 0.991078 0.122031
-1.430 -0.678 15.069 153 146 136 -0.055434 -0.992161 -0.112000
-1.488 -0.677 15.107 171 162 157 0.009008 0.999847 0.015013
-1.525 -0.677 15.126 146 134 122 0.002967 0.999956 0.008902
-1.489 -0.677 15.105 182 168 167 -0.006978 -0.999892 -0.012960
-1.512 -0.677 15.116 175 164 162 0.006992 0.999863 0.014983
-1.511 -0.679 15.125 159 165 153 0.013114 0.999690 0.021184
-1.436 -0.675 15.077 158 145 136 0.035066 0.997797 0.056319
-1.466 -0.675 15.098 171 157 154 0.028458 0.998149 0.053755
-1.470 -0.675 15.100 174 163 157 -0.042977 -0.995081 -0.089260
-1.477 -0.677 15.104 167 163 151 0.015132 0.999702 0.019167
-1.430 -0.677 15.077 131 120 98 -0.013114 -0.999690 -0.021184
-1.521 -0.678 15.131 160 149 147 0.024048 0.998502 0.049141
