-2.268 -0.674 15.313 151 147 138 -0.005224 0.997818 -0.065825
-2.266 -0.675 15.306 160 148 152 -0.003140 0.997533 -0.070131
-2.317 -0.673 15.313 147 143 131 0.003080 0.998831 -0.048248
-2.281 -0.674 15.313 155 151 142 -0.001034 0.998136 -0.061026
-2.216 -0.674 15.287 157 165 154 -0.001016 0.999213 -0.039643
-2.242 -0.674 15.299 162 153 146 -0.001022 0.998844 -0.048051
-2.234 -0.675 15.288 170 162 151 0.001043 0.997701 -0.067764
-2.316 -0.674 15.309 156 149 139 0.007604 0.993934 -0.109713
-2.207 -0.674 15.278 162 158 147 -0.005274 0.996852 -0.079115
-2.264 -0.675 15.310 152 152 144 -0.005285 0.996838 -0.079282
-2.296 -0.674 15.315 165 160 156 0.007271 0.998219 -0.059208
-2.284 -0.674 15.313 160 152 149 -0.003158 0.996874 -0.078950
-2.290 -0.674 15.313 164 155 150 0.003122 0.997978 -0.063479
-2.322 -0.675 15.305 162 159 152 0.005143 0.998716 -0.050399
-2.274 -0.675 15.311 159 155 143 -0.001016 0.999213 -0.039643
-2.237 -0.675 15.292 169 160 145 -0.001014 0.999217 -0.039563
-2.228 -0.674 15.288 161 152 145 0.003014 0.999627 -0.027126
-2.309 -0.673 15.315 145 142 133 0.013296 0.999271 -0.035798
-2.338 -0.672 15.310 139 135 134 0.013642 0.997988 -0.061915
-2.322 -0.675 15.302 160 160 152 0.009350 0.998323 -0.057136
-2.354 -0.673 15.315 160 153 143 0.011406 0.998536 -0.052882
-2.202 -0.674 15.278 171 157 146 -0.003110 0.998248 -0.059086
-2.213 -0.674 15.284 159 162 153 -0.001049 0.997224 -0.074451
-2.258 -0.675 15.307 165 163 150 -0.007589 0.994194 -0.107334
-2.312 -0.673 15.311 151 144 134 0.007589 0.994194 -0.107334
-2.252 -0.675 15.301 158 151 141 0.001057 0.996331 -0.085581
-2.348 -0.673 15.315 159 156 147 0.005545 0.990330 -0.138624
-2.273 -0.673 15.318 154 144 135 -0.003195 0.995694 -0.092647
-2.322 -0.674 15.308 157 146 142 -0.003269 0.992653 -0.120949
-2.323 -0.673 15.315 135 131 122 0.007473 0.996039 -0.088608
-2.304 -0.674 15.313 149 144 141 0.007472 0.995848 -0.090726
-2.326 -0.673 15.314 135 130 126 0.005275 0.997016 -0.077018
-2.245 -0.675 15.299 161 151 149 -0.009460 0.997472 -0.070422
-2.313 -0.675 15.306 162 159 150 0.003159 0.997037 -0.076857
-2.236 -0.674 15.296 173 155 153 -0.003067 0.998936 -0.046010
-2.309 -0.675 15.306 168 161 151 0.003208 0.995457 -0.095162
-2.312 -0.673 15.314 148 144 133 0.009795 0.993649 -0.112098
-2.261 -0.674 15.310 162 163 149 -0.007258 0.998463 -0.054952
-2.244 -0.675 15.292 164 151 143 -0.007286 0.998212 -0.059331
-2.357 -0.673 15.308 140 132 129 0.005285 0.996669 -0.081382
-2.291 -0.675 15.310 165 161 152 0.003115 0.997987 -0.063348
-2.329 -0.673 15.308 145 136 129 0.009314 0.998670 -0.050710
-2.253 -0.673 15.309 164 151 142 -0.009552 0.996609 -0.081724
-2.329 -0.673 15.314 144 140 129 0.009405 0.997922 -0.063742
-2.242 -0.674 15.296 161 152 145 -0.001036 0.997999 -0.063217
-2.341 -0.673 15.307 141 143 129 0.009498 0.997300 -0.072819
-2.242 -0.675 15.292 167 155 143 0.003110 0.998248 -0.059086
-2.259 -0.675 15.305 155 156 140 0.001032 0.998267 -0.058843
-2.207 -0.674 15.281 162 151 145 0.003086 0.998724 -0.050399
-2.246 -0.675 15.297 161 151 149 0.001005 0.999575 -0.029133
-2.350 -0.673 15.305 142 138 126 0.007516 0.995395 -0.095566
-2.331 -0.673 15.307 154 143 137 0.005244 0.997364 -0.072364
-2.272 -0.674 15.314 149 139 130 -0.003074 0.998932 -0.046105
-2.338 -0.672 15.313 149 141 139 0.011406 0.998536 -0.052882
-2.220 -0.674 15.284 175 172 163 0.003044 0.999365 -0.035510
-2.361 -0.672 15.308 149 139 137 0.009332 0.998557 -0.052883
-2.265 -0.673 15.314 149 152 141 -0.003146 0.997220 -0.074451
-2.361 -0.672 15.314 154 149 143 0.009441 0.997628 -0.068187
-2.282 -0.675 15.309 167 159 156 0.003128 0.997696 -0.067764
-2.268 -0.676 15.308 161 154 144 -0.001038 0.997858 -0.065416
-2.330 -0.675 15.300 165 158 152 0.003152 0.997050 -0.076696
-2.337 -0.673 15.305 152 148 147 0.007286 0.998212 -0.059331
-2.241 -0.675 15.289 164 150 141 -0.001026 0.998629 -0.052343
-2.363 -0.672 15.317 166 162 153 0.007315 0.997940 -0.063743
-2.315 -0.673 15.313 148 141 131 0.009278 0.998880 -0.046388
-2.314 -0.674 15.310 157 151 139 0.009332 0.998557 -0.052883
-2.303 -0.675 15.310 167 162 156 0.007286 0.998212 -0.059331
-2.357 -0.673 15.318 159 159 147 0.009223 0.999159 -0.039966
-2.357 -0.672 15.314 154 150 141 0.015556 0.998690 -0.048742
-2.333 -0.675 15.300 164 154 152 0.009277 0.998783 -0.048445
-2.234 -0.675 15.292 169 156 148 -0.005063 0.999429 -0.033416
-2.228 -0.674 15.291 169 160 153 0.003014 0.999627 -0.027126
-2.205 -0.673 15.278 168 155 146 -0.003038 0.999367 -0.035439
-2.259 -0.673 15.312 157 155 140 0.003073 0.998835 -0.048149
-2.300 -0.675 15.311 166 161 157 0.005234 0.997668 -0.068047
-2.348 -0.673 15.309 140 137 120 0.009313 0.998563 -0.052774
-2.253 -0.674 15.300 150 151 137 0.001034 0.998136 -0.061026
-2.287 -0.674 15.313 166 158 155 0.013614 0.997997 -0.061786
-2.344 -0.672 15.309 144 145 129 0.009460 0.997472 -0.070422
-2.279 -0.675 15.312 160 153 145 0.005103 0.999195 -0.039804
-2.344 -0.673 15.305 140 141 123 0.015898 0.997349 -0.071012
-2.326 -0.674 15.300 159 157 145 0.011496 0.998031 -0.061658
-2.207 -0.673 15.283 160 150 141 -0.005123 0.999016 -0.044059
-2.210 -0.674 15.284 155 150 146 -0.009386 0.998061 -0.061531
-2.250 -0.675 15.297 157 155 143 -0.005113 0.999020 -0.043969
-2.340 -0.674 15.305 148 148 136 0.009498 0.997300 -0.072819
-2.222 -0.675 15.286 164 159 153 -0.003085 0.998619 -0.052451
-2.309 -0.675 15.309 164 157 151 0.018124 0.996802 -0.077825
-2.327 -0.675 15.306 161 157 148 0.015772 0.997816 -0.064138
-2.335 -0.673 15.313 149 140 133 0.020258 0.996925 -0.075702
-2.277 -0.675 15.310 164 153 147 0.005193 0.998107 -0.061278
-2.256 -0.675 15.300 151 156 134 0.003049 0.999209 -0.039643
-2.354 -0.673 15.308 136 122 122 0.007229 0.998693 -0.050606
-2.283 -0.673 15.318 147 140 134 0.005053 0.999558 -0.029310
-2.327 -0.673 15.309 142 135 127 0.003146 0.997373 -0.072365
-2.269 -0.673 15.318 149 145 134 0.001016 0.999131 -0.041673
-2.335 -0.673 15.310 139 129 128 0.007357 0.997340 -0.072515
-2.250 -0.674 15.303 164 151 145 -0.001020 0.998945 -0.045917
-2.238 -0.675 15.289 166 157 142 0.001026 0.998629 -0.052343
-2.288 -0.675 15.311 166 157 152 -0.001046 0.997236 -0.074296
-2.277 -0.673 15.318 154 146 135 -0.001030 0.998507 -0.054614
-2.299 -0.675 15.315 164 156 154 0.007473 0.996039 -0.088608
-2.367 -0.672 15.311 163 158 152 0.007473 0.996039 -0.088608
-2.354 -0.673 15.318 164 161 152 0.013323 0.999192 -0.037918
-2.278 -0.674 15.313 150 152 139 -0.003122 0.997978 -0.063479
-2.254 -0.674 15.304 159 155 143 0.001012 0.999298 -0.037461
-2.318 -0.674 15.305 161 160 155 0.007473 0.996039 -0.088608
-2.305 -0.675 15.311 161 156 152 0.009608 0.996020 -0.088606
-2.219 -0.674 15.286 162 159 152 -0.001028 0.998513 -0.054502
-2.344 -0.672 15.312 148 148 136 0.005441 0.993437 -0.114251
