-2.253 -0.664 14.625 161 156 150 0.009007 0.999815 -0.017014
-2.178 -0.666 14.623 163 162 142 0.007089 0.999482 -0.031392
-2.247 -0.665 14.633 159 156 147 0.006924 0.999952 -0.006924
-2.155 -0.664 14.619 163 154 157 0.008937 0.999936 -0.006951
-2.174 -0.665 14.628 161 158 151 0.008990 0.999847 -0.014983
-2.209 -0.665 14.634 146 137 138 0.013037 0.999830 -0.013037
-2.166 -0.666 14.627 169 162 154 -0.001001 0.999735 -0.023017
-2.247 -0.665 14.637 141 138 129 0.004965 0.999928 -0.010923
-2.192 -0.665 14.628 168 165 160 0.003061 0.999032 -0.043880
-2.192 -0.665 14.624 165 156 161 0.007089 0.999482 -0.031392
-2.169 -0.666 14.620 158 159 153 0.007047 0.999707 -0.023155
-2.172 -0.666 14.620 161 167 155 0.005034 0.999671 -0.025168
-2.194 -0.666 14.628 162 156 156 0.004965 0.999904 -0.012908
-2.180 -0.665 14.623 178 159 153 0.008867 0.999960 0.000985
-2.214 -0.666 14.628 155 150 144 0.002938 0.999995 0.000979
-2.231 -0.665 14.633 167 164 155 0.002944 0.999991 0.002944
-2.203 -0.665 14.637 153 144 137 0.006896 0.999976 0.000985
-2.236 -0.665 14.641 151 141 140 0.006896 0.999976 -0.000985
-2.214 -0.666 14.637 148 141 133 0.004926 0.999984 -0.002956
-2.228 -0.665 14.640 160 156 145 0.004907 0.999987 -0.000981
-2.239 -0.665 14.632 167 156 160 0.000979 0.999999 0.000979
-2.206 -0.666 14.625 148 154 140 0.004926 0.999976 -0.004926
-2.256 -0.664 14.630 158 144 143 -0.000979 0.999999 -0.000979
-2.253 -0.665 14.627 165 151 151 0.006896 0.999972 -0.002956
-2.216 -0.665 14.627 153 157 142 0.006978 0.999892 -0.012960
-2.217 -0.665 14.632 160 150 151 0.009097 0.999639 -0.025269
-2.244 -0.665 14.637 145 138 130 0.007020 0.999794 -0.019053
-2.236 -0.665 14.637 152 145 135 0.010988 0.999879 -0.010988
-2.248 -0.665 14.624 168 159 160 0.008990 0.999847 -0.014983
-2.191 -0.665 14.632 164 153 149 0.011009 0.999827 -0.015012
-2.175 -0.665 14.619 164 165 149 0.011009 0.999855 -0.013011
-2.237 -0.665 14.632 154 155 150 0.015072 0.999773 -0.015072
-2.200 -0.666 14.637 152 137 140 0.009133 0.999525 -0.029428
-2.256 -0.664 14.620 172 160 164 0.004975 0.999876 -0.014924
-2.230 -0.665 14.635 153 150 141 0.000979 0.999995 -0.002938
-2.209 -0.665 14.629 153 155 142 0.006951 0.999916 -0.010923
-2.228 -0.665 14.629 171 164 156 0.008937 0.999920 -0.008937
-2.225 -0.666 14.629 174 165 160 0.006924 0.999952 -0.006924
-2.203 -0.665 14.627 164 154 155 0.002973 0.999936 -0.010901
-2.248 -0.665 14.628 166 163 156 0.008972 0.999900 -0.010966
-2.182 -0.665 14.632 156 149 139 0.002961 0.999972 -0.006910
-2.225 -0.666 14.631 164 157 149 -0.000989 0.999940 -0.010880
-2.174 -0.665 14.624 161 159 147 0.006910 0.999964 -0.004936
-2.172 -0.666 14.624 168 160 158 0.008937 0.999920 -0.008937
-2.275 -0.664 14.614 130 135 138 0.000983 0.999987 -0.004916
-2.160 -0.666 14.618 177 168 161 0.008902 0.999956 -0.002967
-2.230 -0.665 14.637 147 147 135 0.008867 0.999960 0.000985
-2.214 -0.666 14.640 149 141 139 0.006978 0.999864 -0.014953
-2.194 -0.665 14.633 173 165 154 0.005004 0.999807 -0.019015
-2.260 -0.665 14.620 171 156 159 -0.000983 0.999987 -0.004916
-2.200 -0.666 14.632 153 150 135 0.004936 0.999964 -0.006910
-2.244 -0.665 14.633 164 158 146 0.006896 0.999976 0.000985
-2.231 -0.665 14.642 145 142 135 0.004936 0.999976 -0.004936
-2.263 -0.664 14.625 159 149 140 0.000979 0.999999 -0.000979
-2.222 -0.665 14.629 162 160 148 0.010858 0.999941 -0.000987
-2.164 -0.665 14.618 166 163 156 0.008972 0.999876 -0.012960
-2.214 -0.666 14.633 154 148 136 0.006937 0.999936 -0.008919
-2.228 -0.665 14.633 161 157 148 0.008884 0.999960 0.000987
-2.200 -0.666 14.628 161 157 148 0.004936 0.999976 -0.004936
-2.178 -0.666 14.628 155 155 143 0.004965 0.999904 -0.012908
-2.239 -0.665 14.641 143 134 129 0.010901 0.999936 0.002973
-2.200 -0.666 14.625 168 163 157 0.007006 0.999831 -0.017014
-2.227 -0.665 14.638 160 158 146 0.002979 0.999912 -0.012908
-2.187 -0.665 14.623 162 158 147 0.006978 0.999864 -0.014953
-2.257 -0.665 14.632 166 151 148 -0.002961 0.999956 -0.008884
-2.225 -0.665 14.640 149 145 134 0.002979 0.999885 -0.014894
-2.164 -0.665 14.623 172 165 155 0.008972 0.999876 -0.012960
-2.155 -0.665 14.624 169 161 159 0.010988 0.999879 -0.010988
-2.263 -0.665 14.627 145 138 128 0.002950 0.999984 -0.004916
-2.222 -0.665 14.631 166 160 146 0.008919 0.999936 -0.006937
-2.266 -0.665 14.619 143 140 133 0.002938 0.999995 -0.000979
-2.260 -0.665 14.625 155 146 139 -0.002938 0.999995 -0.000979
-2.163 -0.665 14.627 162 158 149 0.002961 0.999956 -0.008884
-2.187 -0.665 14.627 163 163 155 0.008902 0.999956 -0.002967
-2.172 -0.666 14.629 168 164 163 0.004936 0.999976 -0.004936
-2.169 -0.665 14.625 168 163 160 0.006924 0.999964 -0.004945
-2.254 -0.665 14.633 163 152 150 0.000979 0.999995 -0.002938
-2.275 -0.664 14.612 151 150 146 -0.006883 0.999976 -0.000983
-2.222 -0.664 14.640 139 139 127 0.005014 0.999721 -0.023063
-2.208 -0.666 14.636 142 139 132 0.009025 0.999814 -0.017048
-2.194 -0.665 14.623 166 162 153 0.004994 0.999807 -0.018977
-2.216 -0.665 14.637 144 140 129 0.005063 0.999429 -0.033416
-2.239 -0.665 14.636 163 158 154 0.006978 0.999864 -0.014953
-2.240 -0.665 14.628 163 164 150 0.002961 0.999972 -0.006910
-2.256 -0.664 14.627 152 145 139 -0.000981 0.999995 -0.002944
-2.186 -0.665 14.632 161 154 146 0.006924 0.999964 -0.004945
-2.245 -0.665 14.640 141 134 126 0.006883 0.999976 0.000983
-2.266 -0.665 14.624 147 145 132 -0.002944 0.999991 -0.002944
-2.222 -0.665 14.636 162 148 148 0.006937 0.999952 -0.006937
-2.272 -0.665 14.614 131 132 126 0.002938 0.999995 -0.000979
-2.206 -0.666 14.632 153 147 149 0.008902 0.999956 -0.002967
-2.256 -0.664 14.624 155 152 143 -0.000985 0.999976 -0.006896
-2.269 -0.664 14.614 146 142 139 -0.008902 0.999948 -0.004945
-2.160 -0.666 14.623 167 165 153 0.002973 0.999936 -0.010901
-2.184 -0.666 14.627 155 152 145 0.000993 0.999889 -0.014894
-2.245 -0.664 14.629 171 171 161 0.004916 0.999987 -0.000983
-2.263 -0.664 14.619 151 150 145 0.000979 0.999999 0.000979
-2.147 -0.665 14.624 151 153 148 0.006910 0.999964 -0.004936
-2.150 -0.665 14.624 153 143 144 0.008867 0.999960 0.000985
-2.152 -0.665 14.624 170 151 155 0.004916 0.999984 -0.002950
-2.281 -0.664 14.611 150 145 141 -0.006896 0.999972 -0.002956
-2.290 -0.665 14.620 164 163 158 -0.004926 0.999976 -0.004926
-2.263 -0.664 14.641 159 155 143 -0.002938 0.999995 0.000979
-2.284 -0.665 14.618 152 148 145 -0.004945 0.999964 -0.006924
-2.275 -0.665 14.633 159 153 155 -0.002961 0.999972 -0.006910
-2.281 -0.665 14.633 160 161 147 -0.000978 0.999999 -0.000978
-2.281 -0.664 14.616 146 145 141 -0.006883 0.999976 -0.000983
-2.272 -0.665 14.638 165 165 155 -0.004907 0.999987 -0.000981
-2.305 -0.665 14.609 147 140 134 -0.000981 0.999987 -0.004907
-2.296 -0.665 14.605 162 151 145 -0.010901 0.999936 -0.002973
-2.302 -0.665 14.605 150 141 132 -0.004936 0.999976 -0.004936
-2.275 -0.665 14.640 159 161 148 -0.006883 0.999976 -0.000983
-2.296 -0.665 14.610 148 139 134 -0.002990 0.999816 -0.018940
-2.302 -0.665 14.614 149 152 143 -0.010966 0.999880 -0.010966
-2.256 -0.664 14.641 146 141 135 0.004926 0.999976 -0.004926
-2.272 -0.665 14.619 129 126 119 -0.008902 0.999956 -0.002967
-2.267 -0.665 14.637 169 160 163 -0.002944 0.999995 0.000981
-2.266 -0.665 14.629 148 148 138 0.000981 0.999995 -0.002944
-2.305 -0.665 14.602 147 147 137 -0.002967 0.999956 -0.008902
-2.266 -0.665 14.632 150 149 145 -0.004926 0.999976 -0.004926
-2.293 -0.665 14.615 154 140 139 -0.006910 0.999972 -0.002961
-2.281 -0.664 14.621 159 148 142 -0.016879 0.999857 0.000993
-2.275 -0.665 14.638 160 162 149 -0.000979 0.999995 -0.002938
-2.278 -0.665 14.638 165 163 151 -0.000978 0.999999 -0.000978
-2.284 -0.665 14.623 168 161 153 -0.000978 0.999999 0.000978
-2.305 -0.665 14.598 161 160 155 -0.008972 0.999900 -0.010966
-2.275 -0.665 14.628 169 160 155 -0.000979 0.999999 0.000979
-2.293 -0.665 14.610 157 150 142 -0.004926 0.999976 -0.004926
-2.290 -0.665 14.611 160 148 148 -0.002956 0.999984 -0.004926
-2.256 -0.664 14.639 154 147 137 0.014894 0.999885 0.002979
-2.281 -0.665 14.628 168 170 157 0.002944 0.999991 0.002944
-2.284 -0.665 14.628 176 168 166 0.002950 0.999991 -0.002950
-2.253 -0.665 14.637 152 144 141 0.004975 0.999876 -0.014924
-2.272 -0.665 14.633 154 156 151 -0.002938 0.999995 -0.000979
-2.302 -0.665 14.610 143 138 132 -0.004945 0.999964 -0.006924
-2.302 -0.665 14.602 147 143 134 0.000985 0.999960 -0.008867
-2.275 -0.665 14.619 132 129 122 -0.004926 0.999976 -0.004926
-2.308 -0.666 14.612 150 145 141 -0.002985 0.999884 -0.014924
-2.284 -0.665 14.611 148 150 139 -0.002967 0.999936 -0.010880
-2.305 -0.665 14.614 165 162 157 -0.004926 0.999976 -0.004926
-2.290 -0.665 14.615 148 143 139 -0.006910 0.999972 -0.002961
-2.293 -0.665 14.624 178 169 170 -0.004926 0.999976 -0.004926
-2.293 -0.665 14.629 167 169 158 -0.000981 0.999987 -0.004907
-2.296 -0.665 14.619 178 169 170 -0.004926 0.999976 -0.004926
-2.253 -0.665 14.642 125 120 117 0.000978 0.999999 0.000978
-2.296 -0.665 14.615 158 153 150 -0.006883 0.999976 -0.000983
-2.272 -0.665 14.624 155 145 136 0.002938 0.999995 -0.000979
-2.290 -0.665 14.627 172 173 165 -0.002956 0.999984 -0.004926
-2.308 -0.666 14.614 164 157 151 -0.004916 0.999987 -0.000983
-2.264 -0.665 14.637 172 163 156 -0.002956 0.999984 -0.004926
-2.299 -0.665 14.624 181 172 167 -0.010966 0.999880 -0.010966
-2.293 -0.665 14.606 169 166 159 -0.002956 0.999984 -0.004926
-2.305 -0.665 14.607 147 143 134 -0.004916 0.999984 -0.002950
-2.272 -0.665 14.640 166 165 160 -0.004955 0.999948 -0.008919
-2.302 -0.665 14.619 165 166 158 -0.004965 0.999928 -0.010923
-2.275 -0.664 14.623 153 150 133 0.002950 0.999991 -0.002950
-2.284 -0.665 14.632 156 162 152 -0.002950 0.999991 -0.002950
-2.272 -0.665 14.629 164 160 159 -0.006883 0.999976 0.000983
-2.308 -0.665 14.602 150 145 139 -0.004945 0.999948 -0.008902
-2.264 -0.665 14.632 153 144 147 0.008867 0.999960 0.000985
-2.284 -0.665 14.616 146 143 136 -0.004955 0.999948 -0.008919
-2.290 -0.665 14.625 178 167 171 -0.008902 0.999948 -0.004945
-2.308 -0.665 14.607 146 148 137 -0.002961 0.999972 -0.006910
-2.290 -0.665 14.606 175 174 172 -0.006910 0.999964 -0.004936
-2.293 -0.665 14.620 173 169 170 -0.006896 0.999976 -0.000985
-2.308 -0.666 14.597 152 151 149 -0.002961 0.999956 -0.008884
-2.266 -0.665 14.641 168 164 153 -0.002967 0.999936 -0.010880
-2.281 -0.664 14.623 173 160 154 0.000981 0.999987 -0.004907
-2.256 -0.664 14.637 156 148 137 0.004955 0.999928 -0.010901
-2.299 -0.665 14.602 159 152 144 -0.002967 0.999936 -0.010880
-2.324 -0.665 14.592 152 149 142 -0.005004 0.999807 -0.019015
-2.314 -0.666 14.602 140 137 132 -0.004975 0.999876 -0.014924
-2.323 -0.665 14.596 150 147 140 -0.010987 0.999855 -0.012985
-2.314 -0.665 14.606 158 145 139 -0.008955 0.999920 -0.008955
-2.314 -0.666 14.597 154 153 149 -0.005004 0.999807 -0.019015
-2.320 -0.665 14.594 155 154 149 -0.004994 0.999843 -0.016980
-2.311 -0.665 14.607 151 147 138 -0.000989 0.999917 -0.012857
-2.321 -0.666 14.601 149 145 146 -0.010923 0.999916 -0.006951
-2.311 -0.665 14.597 154 153 151 -0.002985 0.999852 -0.016913
-2.311 -0.665 14.611 160 159 154 -0.002979 0.999885 -0.014894
-2.311 -0.665 14.602 147 142 138 -0.000989 0.999940 -0.010880
-2.320 -0.665 14.596 148 147 143 -0.009007 0.999815 -0.017014
-2.328 -0.666 14.594 152 152 144 -0.010987 0.999855 -0.012985
-2.353 -0.666 14.574 153 149 148 -0.020974 0.999776 -0.002996
-2.325 -0.666 14.587 157 152 146 -0.008990 0.999847 -0.014983
-2.331 -0.666 14.585 150 152 147 -0.014894 0.999885 -0.002979
-2.344 -0.666 14.584 160 157 148 -0.008937 0.999936 -0.006951
-2.338 -0.666 14.589 151 150 145 -0.012883 0.999913 -0.002973
-2.353 -0.666 14.570 167 162 168 -0.015012 0.999827 -0.011009
-2.331 -0.666 14.589 145 141 140 -0.012960 0.999876 -0.008972
-2.337 -0.666 14.579 159 155 146 -0.010966 0.999900 -0.008972
-2.328 -0.666 14.585 149 153 152 -0.005024 0.999720 -0.023109
-2.350 -0.666 14.579 155 152 143 -0.002996 0.999815 -0.018978
-2.337 -0.666 14.584 156 145 141 -0.008937 0.999920 -0.008937
-2.356 -0.667 14.567 173 170 165 -0.010987 0.999855 -0.012985
-2.328 -0.666 14.589 152 144 142 -0.006992 0.999863 -0.014983
-2.356 -0.667 14.572 160 155 159 -0.004984 0.999844 -0.016947
-2.347 -0.666 14.575 148 149 144 -0.006964 0.999892 -0.012934
-2.353 -0.666 14.567 166 164 165 -0.004975 0.999876 -0.014924
-2.334 -0.667 14.585 157 149 146 -0.002979 0.999912 -0.012908
-2.346 -0.666 14.584 161 160 155 0.003008 0.999681 -0.025067
-2.347 -0.666 14.579 155 151 140 0.000999 0.999736 -0.022971
-2.321 -0.666 14.590 165 162 155 -0.006992 0.999863 -0.014983
-2.344 -0.666 14.575 149 145 142 -0.004975 0.999876 -0.014924
-2.360 -0.666 14.576 154 153 151 -0.004975 0.999876 -0.014924
-2.359 -0.666 14.567 167 162 156 -0.012908 0.999912 -0.002979
-2.360 -0.666 14.572 160 156 153 -0.006951 0.999936 -0.008937
-2.334 -0.667 14.590 146 149 142 -0.014894 0.999889 0.000993
-2.350 -0.666 14.570 170 166 167 -0.012985 0.999855 -0.010987
-2.357 -0.667 14.574 152 147 151 -0.006978 0.999892 -0.012960
-2.360 -0.666 14.562 167 159 146 -0.013011 0.999855 -0.011009
-2.343 -0.666 14.579 157 153 152 -0.010966 0.999880 -0.010966
-2.350 -0.666 14.575 149 148 143 -0.004984 0.999844 -0.016947
