-1.651 -0.669 14.208 140 121 123 0.023017 0.999735 -0.001001
-1.659 -0.668 14.217 106 98 95 0.056668 0.998393 -0.001030
-1.643 -0.669 14.233 138 126 130 0.016947 0.999852 0.002991
-1.705 -0.668 14.224 130 123 113 0.005093 0.999198 0.039723
-1.670 -0.667 14.221 128 126 101 0.008954 0.999900 -0.010944
-1.706 -0.669 14.244 133 122 130 0.027289 0.999586 -0.009096
-1.727 -0.667 14.230 100 87 70 0.029606 0.999444 0.015313
-1.710 -0.669 14.256 135 120 125 0.029192 0.999569 -0.003020
-1.661 -0.668 14.207 142 142 134 0.031518 0.999441 -0.011184
-1.611 -0.668 14.207 127 116 120 0.010966 0.999880 -0.010966
-1.673 -0.667 14.225 137 128 123 0.023063 0.999730 0.003008
-1.612 -0.669 14.215 121 114 106 0.012934 0.999904 -0.004975
-1.681 -0.668 14.233 123 114 99 0.011251 -0.999296 -0.035799
-1.598 -0.669 14.203 122 119 100 0.004945 0.999964 -0.006924
-1.629 -0.668 14.211 129 117 117 0.006910 0.999972 -0.002961
-1.706 -0.669 14.264 125 112 106 0.023155 0.999707 -0.007047
-1.625 -0.670 14.202 143 136 126 -0.004945 0.999964 -0.006924
-1.634 -0.670 14.230 146 142 130 0.010880 0.999940 -0.000989
-1.620 -0.669 14.215 102 99 92 0.004945 0.999964 -0.006924
-1.602 -0.669 14.210 117 110 81 0.009168 0.999322 -0.035654
-1.624 -0.669 14.229 132 127 124 0.002950 0.999984 -0.004916
-1.629 -0.668 14.213 131 121 120 0.008919 0.999948 -0.004955
-1.688 -0.668 14.211 111 97 84 -0.014983 0.999863 0.006992
-1.722 -0.669 14.243 117 100 84 0.039966 0.999159 0.009223
-1.625 -0.670 14.195 154 143 139 -0.000985 0.999976 -0.006896
-1.651 -0.669 14.229 152 142 132 0.037461 0.999298 -0.001012
-1.704 -0.667 14.220 110 103 95 -0.003128 -0.997696 -0.067764
-1.639 -0.669 14.203 106 106 98 0.018902 0.999821 -0.000995
-1.700 -0.670 14.256 133 132 114 0.018940 0.999820 0.000997
-1.629 -0.669 14.217 132 130 115 0.010923 0.999916 -0.006951
-1.687 -0.669 14.228 88 76 64 -0.001018 0.999040 0.043791
-1.710 -0.669 14.243 121 123 110 0.035654 0.999322 -0.009168
-1.683 -0.667 14.225 100 79 94 -0.019053 0.999778 -0.009025
-1.643 -0.669 14.225 136 134 122 0.027126 0.999632 0.001005
-1.625 -0.670 14.199 151 141 131 -0.000985 0.999960 -0.008867
-1.718 -0.668 14.248 91 88 79 0.043969 0.999020 -0.005113
-1.661 -0.668 14.229 145 151 139 0.042183 0.999020 0.013375
-1.620 -0.669 14.211 109 113 90 0.002961 0.999956 -0.008884
-1.629 -0.669 14.221 116 118 104 0.010880 0.999936 0.002967
-1.654 -0.668 14.225 140 135 131 0.056785 0.998386 0.001032
-1.673 -0.667 14.215 152 152 150 0.021016 0.999767 -0.005004
-1.630 -0.670 14.198 142 144 122 0.023109 0.999708 -0.007033
-1.704 -0.669 14.237 97 100 69 0.017423 0.999276 0.033822
-1.704 -0.669 14.247 140 136 124 0.018902 0.999821 -0.000995
-1.633 -0.670 14.238 141 131 129 0.022971 0.999736 -0.000999
-1.630 -0.670 14.238 130 128 105 0.012908 0.999904 0.004965
-1.688 -0.669 14.225 122 115 107 0.015650 -0.998461 -0.053210
-1.608 -0.668 14.207 123 109 109 0.006937 0.999952 -0.006937
-1.701 -0.667 14.219 109 96 88 -0.007385 -0.997002 -0.077017
-1.678 -0.668 14.211 126 121 115 0.012908 0.999912 -0.002979
-1.678 -0.667 14.228 132 123 108 -0.014894 0.999885 0.002979
-1.673 -0.668 14.212 131 134 141 0.018978 0.999815 -0.002996
-1.675 -0.668 14.239 144 134 133 -0.004907 0.999987 0.000981
-1.700 -0.670 14.259 125 117 80 0.018940 0.999816 -0.002990
-1.683 -0.667 14.216 143 135 133 0.003026 0.999507 0.031266
-1.623 -0.669 14.201 143 139 130 0.010966 0.999880 -0.010966
-1.705 -0.670 14.255 134 124 115 0.035367 0.999374 0.001010
-1.710 -0.669 14.250 101 107 97 0.048644 0.998751 0.011385
-1.713 -0.669 14.237 142 134 123 0.051864 0.998115 0.032812
-1.701 -0.667 14.216 132 110 97 -0.007544 -0.994717 -0.102381
-1.687 -0.668 14.217 147 142 138 0.031582 -0.999413 -0.013244
-1.700 -0.669 14.225 108 97 101 -0.011451 -0.998294 -0.057254
-1.704 -0.669 14.241 123 117 105 0.029487 0.999503 0.011185
-1.643 -0.668 14.216 125 103 89 0.031329 0.999496 0.005053
-1.723 -0.668 14.251 129 101 113 0.038613 0.998730 0.032352
-1.626 -0.670 14.224 123 117 91 -0.017014 0.999831 -0.007006
-1.709 -0.668 14.233 105 100 81 -0.007047 -0.999707 -0.023155
-1.692 -0.667 14.215 107 111 110 -0.019015 0.999807 0.005004
-1.692 -0.669 14.237 109 101 88 -0.001030 -0.998507 -0.054614
-1.630 -0.669 14.207 120 119 99 -0.002996 0.999815 -0.018978
-1.647 -0.668 14.221 136 136 126 0.035439 0.999371 -0.001013
-1.651 -0.669 14.225 142 133 124 0.037537 0.999295 -0.001015
-1.646 -0.670 14.233 144 140 129 0.042183 0.999020 0.013375
-1.599 -0.669 14.211 109 106 87 0.011162 0.999505 0.029427
-1.719 -0.668 14.252 77 66 60 0.046011 0.998940 0.001022
-1.665 -0.668 14.239 139 129 127 0.010988 0.999879 0.010988
-1.731 -0.668 14.243 97 93 66 0.048346 0.998817 0.005143
-1.718 -0.668 14.229 105 108 101 0.019015 0.999807 0.005004
-1.607 -0.669 14.203 150 139 135 0.006910 0.999972 0.002961
-1.639 -0.668 14.207 107 125 111 0.025268 0.999619 -0.011118
-1.719 -0.668 14.233 125 119 103 0.042613 0.998806 0.023905
-1.718 -0.667 14.225 87 90 83 -0.032029 -0.999098 -0.027896
-1.655 -0.668 14.229 160 146 146 0.048149 0.998835 0.003073
-1.714 -0.667 14.220 99 89 90 -0.026143 -0.998646 -0.044965
-1.654 -0.668 14.203 149 151 140 0.043970 0.999028 -0.003068
-1.722 -0.668 14.229 93 96 85 0.043791 0.999040 0.001018
-1.651 -0.669 14.238 150 142 140 0.046293 0.998902 0.007201
-1.634 -0.669 14.216 106 104 92 0.006896 0.999972 -0.002956
-1.696 -0.669 14.251 134 126 113 0.014894 0.999885 -0.002979
-1.629 -0.669 14.230 133 132 112 0.000981 0.999995 -0.002944
-1.697 -0.669 14.238 113 116 95 -0.001001 0.999686 0.025017
-1.607 -0.670 14.216 108 92 95 -0.008954 0.999900 -0.010944
-1.661 -0.668 14.216 116 112 111 0.020974 0.999780 0.000999
-1.603 -0.669 14.208 117 113 102 0.006937 0.999952 -0.006937
-1.620 -0.669 14.202 160 149 147 0.008990 0.999875 -0.012985
-1.732 -0.667 14.252 136 133 124 0.039643 0.999213 0.001016
-1.595 -0.669 14.207 123 115 112 0.006965 0.999916 -0.010944
-1.677 -0.667 14.220 107 105 93 0.011009 0.999855 -0.013011
-1.709 -0.668 14.224 108 94 81 0.023202 0.999690 0.009079
-1.692 -0.669 14.233 115 101 90 0.013883 -0.996338 -0.084363
-1.643 -0.668 14.203 131 119 105 0.039643 0.999213 -0.001016
-1.604 -0.669 14.212 112 107 87 0.019015 0.999807 -0.005004
-1.695 -0.669 14.234 103 85 81 -0.022482 -0.996688 -0.078151
-1.691 -0.668 14.225 95 80 61 0.009332 0.998557 0.052883
-1.727 -0.668 14.247 109 96 87 0.039563 0.999217 -0.001014
-1.660 -0.668 14.234 146 144 131 0.039965 0.999137 -0.011272
-1.714 -0.668 14.226 109 125 99 -0.028458 -0.998149 -0.053755
-1.710 -0.670 14.261 129 123 123 0.019205 0.999668 -0.017183
-1.626 -0.669 14.222 101 101 63 0.010858 0.999941 0.000987
-1.723 -0.669 14.238 106 99 93 0.018940 0.999816 0.002990
-1.710 -0.669 14.247 115 108 100 0.029665 0.999409 0.017390
-1.617 -0.668 14.198 149 147 132 0.010901 0.999936 0.002973
-1.612 -0.669 14.202 139 129 120 0.012960 0.999876 -0.008972
-1.595 -0.669 14.199 142 132 123 0.026036 0.998749 0.042699
-1.718 -0.668 14.259 104 116 78 0.057254 0.998294 0.011451
-1.715 -0.668 14.263 107 100 107 0.041927 0.999095 0.007158
-1.696 -0.669 14.242 131 131 121 0.014924 0.999876 0.004975
-1.696 -0.669 14.248 138 130 119 0.004926 0.999984 -0.002956
-1.646 -0.669 14.229 134 132 119 0.035510 0.999356 0.005073
-1.691 -0.667 14.211 104 98 98 -0.018409 -0.995175 -0.096377
-1.705 -0.669 14.228 116 107 76 -0.020458 -0.995979 -0.087215
-1.692 -0.667 14.217 135 135 125 -0.003170 0.996504 0.083482
-1.624 -0.669 14.225 133 120 112 0.008902 0.999956 0.002967
-1.600 -0.668 14.203 136 131 125 0.020974 0.999776 0.002996
-1.626 -0.669 14.209 134 129 125 0.014924 0.999876 0.004975
-1.705 -0.669 14.249 123 124 106 0.029192 0.999573 -0.001007
-1.735 -0.669 14.246 99 112 95 0.043880 0.999036 0.001020
-1.701 -0.668 14.239 118 116 101 -0.015435 -0.999156 -0.038073
-1.683 -0.668 14.229 106 103 94 -0.011362 0.998854 0.046482
-1.719 -0.668 14.256 98 83 62 0.041758 0.999127 0.001018
-1.604 -0.670 14.216 99 109 74 0.012934 0.999904 -0.004975
-1.624 -0.669 14.205 155 139 140 0.004945 0.999964 -0.006924
-1.693 -0.670 14.255 122 123 115 0.000981 0.999995 0.002944
-1.670 -0.669 14.208 117 120 103 0.012934 0.999892 -0.006964
-1.665 -0.668 14.229 146 143 134 0.027235 0.999616 0.005043
-1.643 -0.668 14.199 140 138 115 0.023202 0.999690 -0.009079
-1.656 -0.668 14.220 139 130 133 0.025118 0.999680 0.003014
-1.619 -0.669 14.198 145 135 126 0.010987 0.999855 -0.012985
-1.683 -0.667 14.212 129 117 121 0.002956 0.999972 -0.006896
-1.705 -0.670 14.261 120 113 121 0.043880 0.999036 0.001020
-1.706 -0.670 14.246 134 117 127 0.046105 0.998932 0.003074
-1.656 -0.668 14.216 111 109 110 0.039966 0.999159 0.009223
-1.664 -0.667 14.220 112 103 94 0.010988 0.999879 -0.010988
-1.681 -0.667 14.207 121 115 103 -0.009025 0.999814 -0.017048
-1.692 -0.669 14.243 114 105 108 -0.008937 0.999920 0.008937
-1.709 -0.669 14.263 114 105 108 0.048346 0.998805 -0.007200
-1.691 -0.669 14.229 129 118 114 0.030449 -0.998516 -0.045148
-1.719 -0.669 14.238 108 109 101 0.041928 0.999108 0.005113
-1.714 -0.669 14.261 120 114 116 0.035367 0.999374 -0.001010
-1.700 -0.669 14.233 119 106 116 -0.007201 0.998902 0.046293
-1.723 -0.668 14.224 107 96 92 0.002944 0.999995 -0.000981
-1.634 -0.669 14.198 142 127 132 0.019015 0.999807 0.005004
-1.684 -0.668 14.238 125 119 103 -0.031266 0.999507 -0.003026
-1.633 -0.670 14.203 114 109 89 0.006924 0.999964 -0.004945
-1.638 -0.669 14.198 129 114 119 0.023294 0.999613 -0.015192
-1.715 -0.668 14.229 121 131 106 0.040116 0.996391 0.074811
-1.638 -0.669 14.237 126 119 113 0.037461 0.999298 -0.001012
-1.596 -0.670 14.213 142 139 124 -0.025573 -0.999396 -0.023527
-1.660 -0.668 14.212 135 118 124 0.043880 0.999032 -0.003061
-1.659 -0.668 14.207 125 129 115 0.037842 0.999220 -0.011250
-1.626 -0.669 14.215 97 99 78 -0.002990 0.999816 -0.018940
-1.656 -0.669 14.234 153 143 142 0.039723 0.999198 0.005093
-1.727 -0.667 14.256 99 93 81 0.035510 0.999356 0.005073
-1.634 -0.669 14.207 114 94 87 0.006896 0.999976 0.000985
-1.678 -0.667 14.234 129 115 106 -0.005368 -0.995202 -0.097695
-1.727 -0.668 14.225 132 123 114 0.040292 0.999034 0.017563
-1.629 -0.669 14.224 129 126 121 0.008937 0.999936 0.006951
-1.643 -0.669 14.229 120 117 108 0.029369 0.999544 -0.007089
-1.701 -0.669 14.243 132 130 109 0.020974 0.999780 0.000999
-1.709 -0.668 14.238 113 99 88 0.032287 0.998814 0.036453
-1.639 -0.668 14.211 143 146 139 0.029427 0.999505 -0.011162
-1.710 -0.667 14.221 131 116 119 -0.017949 -0.997762 -0.064406
-1.600 -0.668 14.206 123 119 107 0.023109 0.999708 -0.007033
-1.697 -0.668 14.229 127 123 124 0.011009 0.999855 0.013011
-1.647 -0.668 14.207 116 103 94 0.031329 0.999505 -0.003032
-1.689 -0.667 14.216 131 127 115 -0.016947 0.999852 -0.002991
-1.629 -0.670 14.203 136 129 121 0.019053 0.999778 -0.009025
-1.624 -0.669 14.208 139 138 134 0.010966 0.999900 -0.008972
-1.678 -0.668 14.215 127 121 131 0.012934 0.999904 -0.004975
-1.714 -0.667 14.224 113 122 105 -0.032612 -0.998346 -0.047340
-1.713 -0.668 14.233 102 80 66 0.033348 0.999439 0.003032
-1.660 -0.668 14.238 133 135 134 0.037537 0.999291 -0.003044
-1.702 -0.669 14.255 126 135 118 0.012960 0.999876 -0.008972
-1.655 -0.669 14.238 129 127 115 0.043880 0.999032 0.003061
-1.711 -0.669 14.230 120 104 89 0.021871 0.998757 0.044783
-1.617 -0.668 14.207 149 145 136 -0.000997 0.999820 -0.018940
-1.598 -0.669 14.199 151 142 133 0.002990 0.999816 -0.018940
-1.624 -0.669 14.221 95 91 54 -0.000983 0.999987 -0.004916
-1.651 -0.669 14.221 137 122 125 0.031203 0.999513 0.001007
-1.624 -0.669 14.215 105 112 94 0.000979 0.999999 -0.000979
-1.688 -0.669 14.221 97 92 86 -0.009461 0.997618 0.068330
-1.638 -0.669 14.220 133 114 118 0.018902 0.999821 -0.000995
-1.634 -0.669 14.220 125 116 107 0.027071 0.999633 -0.001003
-1.713 -0.668 14.243 120 117 98 0.043791 0.999040 0.001018
-1.638 -0.669 14.234 140 133 123 0.039723 0.999198 0.005093
-1.643 -0.669 14.220 134 125 116 0.027180 0.999626 0.003020
-1.594 -0.670 14.216 155 145 136 0.010923 0.999928 -0.004965
-1.665 -0.668 14.211 127 113 113 0.041673 0.999131 0.001016
-1.698 -0.668 14.221 116 105 111 -0.005358 -0.995428 -0.095364
-1.638 -0.669 14.224 140 123 129 0.029368 0.999527 -0.009114
-1.621 -0.669 14.193 147 138 129 0.006924 0.999952 -0.006924
-1.655 -0.669 14.233 158 142 145 0.031329 0.999505 0.003032
-1.646 -0.669 14.216 131 114 106 0.020974 0.999780 0.000999
-1.595 -0.669 14.203 103 97 85 0.015132 0.999702 -0.019167
-1.629 -0.668 14.215 127 123 114 0.006883 0.999976 -0.000983
-1.665 -0.668 14.204 134 142 127 0.021016 0.999767 -0.005004
-1.611 -0.668 14.211 92 73 75 0.000987 0.999960 -0.008884
-1.638 -0.669 14.230 145 143 131 0.027126 0.999627 -0.003014
-1.651 -0.669 14.203 144 135 128 0.039724 0.999206 -0.003056
-1.624 -0.669 14.227 132 122 121 0.006896 0.999976 -0.000985
-1.634 -0.669 14.226 139 138 134 0.008867 0.999960 -0.000985
-1.736 -0.667 14.230 128 124 113 0.004955 0.999948 -0.008919
-1.637 -0.668 14.216 132 123 116 0.029192 0.999569 -0.003020
-1.678 -0.667 14.207 122 107 102 0.002985 0.999852 -0.016913
-1.660 -0.668 14.202 152 150 138 0.025118 0.999680 -0.003014
-1.660 -0.668 14.224 146 143 128 0.037537 0.999291 0.003044
-1.643 -0.669 14.239 124 117 111 0.023202 0.999690 0.009079
-1.728 -0.669 14.243 91 79 53 0.054839 0.998482 0.005173
-1.709 -0.668 14.228 103 92 70 0.013219 0.999536 0.027454
-1.624 -0.669 14.212 104 109 86 0.006924 0.999952 -0.006924
-1.664 -0.667 14.216 112 104 101 0.029133 0.999575 -0.001005
-1.692 -0.668 14.220 115 111 99 0.015650 -0.998461 -0.053210
-1.701 -0.669 14.247 132 129 124 0.008884 0.999960 -0.000987
-1.665 -0.668 14.207 145 139 139 0.022971 0.999736 -0.000999
-1.682 -0.669 14.238 135 122 116 -0.032095 0.999094 0.027954
-1.656 -0.669 14.238 138 129 120 0.037613 0.999288 0.003050
-1.594 -0.670 14.212 142 142 130 0.000987 0.999941 -0.010858
-1.646 -0.669 14.226 145 138 122 0.031266 0.999507 0.003026
-1.606 -0.668 14.211 110 96 95 0.008902 0.999948 0.004945
-1.726 -0.667 14.250 86 80 68 0.022971 0.999736 0.000999
-1.621 -0.669 14.221 125 109 119 -0.002950 0.999991 -0.002950
-1.597 -0.670 14.212 126 129 118 0.008954 0.999900 -0.010944
-1.638 -0.670 14.242 143 136 128 0.018978 0.999815 -0.002996
-1.714 -0.668 14.247 104 98 84 0.025067 0.999681 -0.003008
-1.704 -0.669 14.262 118 103 106 0.012934 0.999892 -0.006964
-1.723 -0.668 14.260 80 78 66 0.041673 0.999131 0.001016
-1.688 -0.670 14.243 128 128 120 -0.008919 0.999936 -0.006937
-1.656 -0.668 14.207 125 126 118 0.048346 0.998805 -0.007200
-1.722 -0.669 14.246 107 100 82 0.039723 0.999198 -0.005093
-1.651 -0.669 14.234 147 143 140 0.039643 0.999213 -0.001016
-1.670 -0.667 14.225 143 140 135 0.027508 0.999471 -0.017320
-1.670 -0.667 14.229 138 136 121 0.025067 0.999681 -0.003008
-1.670 -0.667 14.215 150 141 144 0.037537 0.999295 -0.001015
-1.670 -0.669 14.212 118 107 111 0.017014 0.999815 -0.009007
-1.648 -0.668 14.202 132 142 133 0.021185 0.999714 -0.011097
-1.635 -0.669 14.233 125 126 112 0.012934 0.999892 -0.006964
-1.643 -0.669 14.212 175 174 180 0.018977 0.999807 -0.004994
-1.598 -0.669 14.206 130 122 103 0.008954 0.999900 -0.010944
-1.682 -0.669 14.221 124 118 120 -0.019167 0.999702 -0.015132
-1.678 -0.668 14.239 137 124 133 -0.025117 0.999672 -0.005023
-1.630 -0.670 14.235 121 110 92 0.012908 0.999904 0.004965
-1.673 -0.667 14.229 123 129 127 0.008919 0.999948 -0.004955
-1.598 -0.671 14.216 142 139 122 -0.004975 0.999904 -0.012934
-1.674 -0.668 14.233 108 116 95 0.004936 0.999976 -0.004936
-1.684 -0.668 14.234 118 112 98 0.005265 -0.997187 -0.074763
-1.617 -0.668 14.212 103 92 96 -0.008884 0.999956 0.002961
-1.713 -0.669 14.256 137 120 112 0.044059 0.999016 -0.005123
-1.620 -0.669 14.207 156 157 143 0.004936 0.999976 0.004936
-1.705 -0.670 14.251 127 129 107 0.017082 0.999793 0.011053
-1.643 -0.668 14.206 129 112 102 0.016913 0.999856 0.000995
-1.704 -0.669 14.233 140 127 137 -0.005194 -0.998232 -0.059208
-1.710 -0.669 14.237 131 122 105 0.016980 0.999843 0.004994
-1.648 -0.668 14.212 133 124 127 0.017014 0.999815 -0.009007
-1.700 -0.669 14.229 124 129 122 -0.003122 -0.997844 -0.065552
-1.621 -0.670 14.225 114 111 106 0.000989 0.999917 -0.012857
-1.709 -0.669 14.235 121 118 99 0.023063 0.999721 0.005014
-1.735 -0.669 14.245 102 100 75 0.046104 0.998923 0.005123
-1.617 -0.668 14.194 152 139 130 0.007006 0.999831 -0.017014
-1.659 -0.668 14.213 133 144 146 0.054614 0.998507 0.001030
-1.732 -0.667 14.247 64 71 55 0.057136 0.998323 0.009350
-1.634 -0.669 14.212 137 130 124 0.006896 0.999976 -0.000985
-1.683 -0.668 14.242 142 134 132 0.001049 -0.997224 -0.074451
-1.718 -0.668 14.242 109 101 98 0.029369 0.999544 0.007089
-1.688 -0.669 14.233 122 115 86 0.009683 -0.995149 -0.097901
-1.665 -0.668 14.226 146 147 133 0.033281 0.999445 0.001009
-1.651 -0.668 14.215 106 113 97 0.036015 0.999160 -0.019551
-1.668 -0.668 14.237 140 128 116 0.020974 0.999776 -0.002996
-1.615 -0.669 14.215 119 115 103 0.013037 0.999802 -0.015042
-1.673 -0.667 14.206 128 125 108 0.021185 0.999714 -0.011097
-1.665 -0.668 14.233 142 135 129 0.027289 0.999603 -0.007075
-1.692 -0.670 14.251 108 103 81 -0.002944 0.999991 -0.002944
-1.668 -0.668 14.233 135 133 110 0.014953 0.999876 0.004984
-1.660 -0.668 14.221 116 115 110 0.020974 0.999776 0.002996
-1.685 -0.668 14.225 121 110 108 -0.008902 0.999948 -0.004945
-1.616 -0.670 14.220 117 105 83 0.004916 0.999987 -0.000983
-1.673 -0.667 14.221 124 125 111 -0.000981 0.999995 -0.002944
-1.692 -0.669 14.247 121 119 107 -0.006896 0.999976 0.000985
-1.723 -0.668 14.256 106 95 73 0.056902 0.998375 0.003104
-1.722 -0.669 14.233 133 119 118 0.073578 0.997038 0.022393
-1.689 -0.669 14.247 114 117 106 -0.010944 0.999900 -0.008954
-1.701 -0.669 14.251 126 134 123 0.002944 0.999991 -0.002944
-1.678 -0.667 14.224 101 97 86 -0.004926 0.999976 -0.004926
-1.684 -0.668 14.221 141 142 134 -0.019015 0.999807 -0.005004
-1.596 -0.670 14.215 155 146 129 0.002990 0.999816 -0.018940
-1.696 -0.668 14.224 89 93 76 -0.019787 0.998705 0.046863
-1.697 -0.667 14.217 94 95 90 0.025067 -0.999681 -0.003008
-1.651 -0.669 14.212 137 119 133 0.021142 0.999715 -0.011074
-1.647 -0.669 14.237 150 145 141 0.029487 0.999503 0.011185
-1.603 -0.669 14.202 153 142 140 0.006978 0.999864 -0.014953
-1.705 -0.668 14.216 124 113 109 0.024339 0.997882 0.060317
-1.656 -0.668 14.211 115 115 113 0.033348 0.999439 0.003032
-1.715 -0.668 14.251 92 92 84 0.043969 0.999020 -0.005113
-1.726 -0.667 14.237 123 117 95 0.031203 0.999513 0.001007
-1.617 -0.668 14.203 146 138 135 0.004916 0.999987 -0.000983
-1.735 -0.668 14.247 88 97 76 0.048445 0.998800 0.007215
-1.688 -0.670 14.239 121 99 102 0.011251 -0.999296 -0.035799
-1.696 -0.669 14.255 132 131 113 0.004965 0.999904 -0.012908
-1.425 -0.672 14.199 147 146 128 0.006937 0.999936 -0.008919
-1.420 -0.672 14.194 150 155 135 0.001003 0.999685 -0.025067
-1.585 -0.669 14.199 156 145 139 0.047870 0.994147 0.096854
-1.469 -0.671 14.199 151 151 151 0.009025 0.999814 -0.017048
-1.466 -0.672 14.202 141 132 127 0.008937 0.999920 -0.008937
-1.549 -0.670 14.193 151 149 137 0.019398 0.999486 -0.025523
-1.482 -0.671 14.197 167 160 154 0.006978 0.999864 -0.014953
-1.590 -0.669 14.204 109 110 94 0.014953 0.999864 -0.006978
-1.576 -0.671 14.203 127 120 101 0.021016 0.999767 -0.005004
-1.546 -0.670 14.193 148 143 137 0.013089 0.999768 -0.017116
-1.407 -0.672 14.194 142 140 128 0.008990 0.999875 -0.012985
-1.461 -0.671 14.203 138 136 121 0.011162 0.999505 -0.029427
-1.474 -0.671 14.198 150 155 149 0.010988 0.999879 -0.010988
-1.580 -0.670 14.204 127 129 118 0.027235 0.999616 -0.005043
-1.572 -0.670 14.203 133 132 128 0.015223 0.999612 -0.023341
-1.456 -0.671 14.199 150 144 132 0.007061 0.999657 -0.025218
-1.559 -0.671 14.194 158 153 149 -0.013089 -0.999768 0.017116
-1.416 -0.672 14.194 148 150 126 0.008972 0.999900 -0.010966
-1.554 -0.671 14.198 142 137 131 0.013271 0.999411 -0.031646
-1.438 -0.672 14.198 155 152 143 0.007061 0.999657 -0.025218
-1.554 -0.671 14.195 144 149 143 0.011141 0.999617 -0.025320
-1.585 -0.670 14.207 126 131 109 0.028348 0.998481 0.047247
-1.403 -0.672 14.189 149 144 141 0.001007 0.999573 -0.029192
-1.569 -0.670 14.195 151 144 134 0.025471 0.999488 0.019358
-1.541 -0.671 14.194 152 146 150 0.009061 0.999735 -0.021142
-1.458 -0.672 14.203 143 134 125 0.011053 0.999793 -0.017082
-1.569 -0.670 14.198 128 127 125 0.013349 0.999109 -0.040046
-1.535 -0.671 14.193 143 139 128 0.017320 0.999471 -0.027508
-1.426 -0.672 14.200 154 154 142 0.004955 0.999948 -0.008919
-1.399 -0.672 14.190 149 152 143 0.003020 0.999569 -0.029192
-1.478 -0.671 14.199 161 149 149 0.008902 0.999956 -0.002967
-1.567 -0.670 14.199 138 130 127 0.023063 0.999730 -0.003008
-1.429 -0.672 14.198 136 136 138 0.010923 0.999916 -0.006951
-1.589 -0.671 14.211 137 144 128 0.033755 0.999342 0.013297
-1.399 -0.672 14.188 163 160 151 0.004945 0.999964 -0.006924
-1.389 -0.672 14.186 117 114 99 -0.003008 0.999730 -0.023063
-1.577 -0.670 14.199 146 140 126 0.009168 0.999322 -0.035654
-1.562 -0.671 14.198 144 133 131 0.011251 0.999296 -0.035799
-1.581 -0.669 14.198 152 154 143 0.009151 0.999461 -0.031519
-1.420 -0.672 14.198 137 130 120 0.005063 0.999494 -0.031392
-1.572 -0.669 14.195 161 153 150 0.011119 0.999668 -0.023248
-1.572 -0.669 14.198 145 134 130 0.013140 0.999643 -0.023248
-1.589 -0.671 14.207 108 112 87 0.015102 0.999739 -0.017115
-1.483 -0.671 14.195 152 147 143 0.009043 0.999777 -0.019091
-1.442 -0.671 14.199 143 144 130 0.010966 0.999880 -0.010966
-1.580 -0.670 14.208 143 146 139 0.025218 0.999641 -0.009078
-1.461 -0.671 14.199 141 146 142 0.006951 0.999936 -0.008937
-1.589 -0.669 14.199 138 122 123 0.014924 0.999884 -0.002985
-1.568 -0.671 14.203 155 149 149 -0.025370 -0.999562 -0.015222
-1.488 -0.671 14.194 149 145 142 0.009132 0.999463 -0.031455
-1.407 -0.672 14.190 158 153 147 0.006992 0.999831 -0.016980
-1.433 -0.673 14.198 148 141 135 0.005034 0.999671 -0.025168
-1.411 -0.672 14.194 155 150 146 0.007033 0.999753 -0.021100
-1.416 -0.673 14.199 148 141 131 0.004984 0.999844 -0.016947
-1.558 -0.671 14.199 134 133 138 0.014953 0.999876 -0.004984
-1.585 -0.670 14.203 132 122 112 0.009008 0.999847 -0.015013
-1.335 -0.672 14.168 164 157 141 0.002950 0.999991 -0.002950
-1.339 -0.672 14.163 150 145 141 0.002950 0.999991 -0.002950
-1.323 -0.672 14.167 156 156 148 0.002944 0.999995 -0.000981
-1.323 -0.672 14.164 165 166 150 0.004926 0.999984 0.002956
-1.366 -0.673 14.173 139 136 121 -0.002961 0.999972 -0.006910
-1.291 -0.672 14.150 168 161 155 -0.002956 0.999972 -0.006896
-1.277 -0.672 14.141 164 156 153 -0.004994 0.999843 -0.016980
-1.304 -0.672 14.154 174 159 164 -0.002973 0.999913 -0.012883
-1.354 -0.673 14.172 141 142 140 -0.003008 0.999730 -0.023063
-1.349 -0.673 14.167 157 146 152 -0.001001 0.999686 -0.025017
-1.314 -0.673 14.158 157 153 144 -0.000999 0.999780 -0.020974
-1.286 -0.672 14.150 164 151 143 -0.000985 0.999960 -0.008867
-1.373 -0.673 14.176 147 138 133 0.002973 0.999913 -0.012883
-1.331 -0.673 14.167 160 148 150 0.002950 0.999984 -0.004916
-1.294 -0.672 14.150 159 158 156 -0.000985 0.999960 -0.008867
-1.296 -0.672 14.155 153 148 145 0.000987 0.999960 -0.008884
-1.354 -0.673 14.167 144 138 136 0.002950 0.999984 -0.004916
-1.300 -0.672 14.155 160 154 154 -0.000981 0.999987 -0.004907
-1.290 -0.672 14.154 154 148 136 0.000978 0.999999 0.000978
-1.358 -0.672 14.171 142 143 127 0.002944 0.999995 0.000981
-1.309 -0.673 14.159 155 150 147 0.004916 0.999984 0.002950
-1.319 -0.673 14.163 163 159 160 0.002950 0.999991 0.002950
-1.381 -0.673 14.181 139 129 127 0.002944 0.999991 -0.002944
-1.341 -0.673 14.168 146 143 136 0.002944 0.999991 0.002944
-1.342 -0.673 14.169 151 147 144 0.002944 0.999991 0.002944
-1.336 -0.673 14.163 139 136 131 0.002938 0.999995 -0.000979
-1.300 -0.672 14.159 160 153 145 -0.000987 0.999941 -0.010858
-1.327 -0.673 14.163 160 151 146 0.000987 0.999941 -0.010858
-1.358 -0.673 14.168 158 158 148 0.002973 0.999936 -0.010901
-1.339 -0.672 14.172 156 157 141 0.002961 0.999956 -0.008884
-1.295 -0.672 14.154 148 147 145 -0.003002 0.999731 -0.023017
-1.274 -0.671 14.141 156 145 139 -0.000987 0.999941 -0.010858
-1.371 -0.673 14.172 155 147 134 0.000989 0.999940 -0.010880
-1.331 -0.673 14.163 163 155 152 0.002950 0.999991 -0.002950
-1.318 -0.672 14.164 162 159 154 0.000995 0.999821 -0.018902
-1.295 -0.672 14.150 162 159 154 -0.004975 0.999876 -0.014924
-1.295 -0.672 14.159 155 156 151 -0.000989 0.999917 -0.012857
-1.376 -0.672 14.177 136 133 124 0.002979 0.999885 -0.014894
-1.345 -0.672 14.168 156 144 144 0.000989 0.999917 -0.012857
-1.286 -0.672 14.145 164 167 160 -0.004975 0.999876 -0.014924
-1.345 -0.672 14.172 169 153 154 -0.002979 0.999912 -0.012908
-1.304 -0.672 14.160 154 149 146 -0.000985 0.999960 -0.008867
-1.368 -0.673 14.172 153 144 137 -0.000987 0.999941 -0.010858
-1.314 -0.672 14.163 161 158 151 0.000983 0.999976 -0.006883
-1.362 -0.673 14.172 137 133 135 -0.000985 0.999976 -0.006896
-1.350 -0.673 14.172 151 154 145 0.002950 0.999991 -0.002950
-1.327 -0.673 14.168 163 157 145 0.002967 0.999956 -0.008902
-1.282 -0.672 14.146 159 152 136 -0.002985 0.999884 -0.014924
-1.310 -0.672 14.163 154 153 151 0.000987 0.999941 -0.010858
-1.607 -0.669 14.198 150 151 143 0.013063 0.999801 -0.015072
-1.612 -0.669 14.199 163 158 152 0.011009 0.999855 -0.013011
-1.523 -0.671 14.185 143 139 130 0.007020 0.999794 -0.019053
-1.554 -0.671 14.189 169 158 156 0.016947 0.999844 -0.004984
-1.518 -0.670 14.189 144 145 131 0.010901 0.999928 -0.004955
-1.456 -0.672 14.195 158 144 143 0.007033 0.999753 -0.021100
-1.505 -0.671 14.185 167 162 168 0.017048 0.999794 -0.011031
-1.500 -0.671 14.186 158 151 145 0.011317 0.998957 -0.044238
-1.535 -0.671 14.189 146 150 127 0.007117 0.999412 -0.033551
-1.513 -0.671 14.185 155 151 148 0.011118 0.999619 -0.025268
-1.465 -0.671 14.198 146 144 132 0.008990 0.999847 -0.014983
-1.496 -0.671 14.185 156 160 161 0.009079 0.999690 -0.023202
-1.493 -0.671 14.190 153 147 151 0.011163 0.999562 -0.027399
-1.433 -0.672 14.194 131 132 118 0.006978 0.999892 -0.012960
-1.411 -0.672 14.189 156 153 146 0.011009 0.999827 -0.015012
-1.559 -0.671 14.189 157 162 142 0.023109 0.999720 0.005024
-1.451 -0.672 14.199 153 153 145 0.007061 0.999657 -0.025218
-1.508 -0.671 14.189 148 144 143 0.010923 0.999916 -0.006951
-1.545 -0.670 14.190 156 153 136 0.015072 0.999773 -0.015072
-1.429 -0.671 14.194 147 147 137 0.008954 0.999900 -0.010944
-1.562 -0.670 14.194 145 155 147 -0.023341 -0.999612 -0.015223
-1.470 -0.672 14.194 153 148 144 0.006965 0.999916 -0.010944
-1.567 -0.670 14.194 149 142 132 0.019281 0.999587 -0.021311
-1.523 -0.671 14.189 131 135 121 0.006965 0.999916 -0.010944
-1.385 -0.673 14.180 138 142 128 0.004916 0.999984 -0.002950
-1.403 -0.673 14.186 155 158 149 0.006910 0.999972 -0.002961
-1.488 -0.671 14.189 169 162 152 0.006883 0.999976 -0.000983
-1.518 -0.671 14.186 142 145 138 0.008990 0.999847 -0.014983
-1.399 -0.672 14.185 169 157 159 0.006992 0.999863 -0.014983
-1.508 -0.671 14.185 154 153 151 0.008902 0.999948 0.004945
-1.541 -0.671 14.189 151 151 139 0.014865 0.999889 0.000991
-1.549 -0.670 14.190 160 151 136 0.021396 0.999496 -0.023434
-1.496 -0.671 14.190 147 146 142 0.011452 0.998411 -0.055178
-1.526 -0.671 14.185 147 137 136 0.007006 0.999831 -0.017014
-1.510 -0.671 14.188 146 148 137 0.010923 0.999916 -0.006951
-1.541 -0.671 14.190 149 142 136 0.017014 0.999815 0.009007
-1.526 -0.671 14.189 142 138 127 0.009025 0.999814 -0.017048
-1.545 -0.670 14.186 162 153 148 0.013349 0.999109 -0.040046
-1.483 -0.671 14.190 158 158 150 0.006992 0.999863 -0.014983
-1.532 -0.671 14.190 136 129 119 0.009078 0.999641 -0.025218
-1.474 -0.671 14.195 156 164 151 0.007033 0.999708 -0.023109
-1.389 -0.672 14.181 159 142 148 0.003020 0.999569 -0.029192
-1.424 -0.672 14.193 165 151 151 0.007061 0.999604 -0.027234
-1.563 -0.670 14.190 160 151 146 0.030145 0.998957 0.034303
-1.493 -0.671 14.193 155 149 133 0.011385 0.998751 -0.048644
-1.446 -0.672 14.198 160 156 153 0.009168 0.999322 -0.035654
-1.510 -0.671 14.185 158 152 154 0.006910 0.999964 -0.004936
-1.455 -0.671 14.198 156 147 140 0.011162 0.999505 -0.029427
-1.437 -0.672 14.194 127 131 132 0.009150 0.999395 -0.033550
-1.535 -0.671 14.186 166 156 146 0.011272 0.999137 -0.039965
-1.397 -0.672 14.186 164 162 165 -0.003026 0.999507 -0.031266
-1.500 -0.671 14.189 154 144 132 0.009187 0.999319 -0.035726
-1.515 -0.671 14.189 140 135 129 0.007075 0.999545 -0.029309
-1.479 -0.671 14.194 163 149 149 0.007020 0.999794 -0.019053
-1.381 -0.673 14.176 158 139 141 -0.000997 0.999780 -0.020933
-1.505 -0.671 14.190 153 150 145 0.011162 0.999505 -0.029427
-1.393 -0.672 14.185 150 144 144 0.002973 0.999913 -0.012883
