-0.673 -0.677 15.812 138 134 122 -0.031937 0.994453 -0.100216
-0.739 -0.673 15.883 156 147 132 -0.014267 0.993236 -0.115237
-0.661 -0.677 15.815 142 139 132 -0.061993 0.993022 -0.100317
-0.750 -0.671 15.885 148 137 117 0.056092 0.998017 -0.028575
-0.661 -0.675 15.825 141 144 133 -0.038400 0.995105 -0.091062
-0.689 -0.679 15.837 132 137 133 -0.005306 0.996466 -0.083835
-0.673 -0.677 15.817 138 136 121 -0.027254 0.995324 -0.092664
-0.734 -0.673 15.873 156 150 128 0.043134 0.998391 -0.036822
-0.731 -0.673 15.877 155 148 142 0.061658 0.998031 -0.011496
-0.723 -0.674 15.858 159 150 143 -0.095434 -0.994927 -0.031811
-0.686 -0.677 15.818 111 119 96 -0.036352 0.994733 -0.095838
-0.666 -0.675 15.828 129 130 125 -0.039021 0.993369 -0.108145
-0.770 -0.672 15.888 151 153 140 -0.051755 -0.998123 0.032743
-0.682 -0.678 15.832 155 156 150 -0.003165 0.996860 -0.079116
-0.670 -0.677 15.819 136 134 121 -0.054135 0.989398 -0.134761
-0.668 -0.676 15.821 130 134 117 -0.055670 0.991834 -0.114748
-0.669 -0.678 15.811 144 135 130 -0.041257 0.993517 -0.105931
-0.661 -0.678 15.811 156 154 142 -0.049692 0.994947 -0.087237
-0.687 -0.676 15.842 153 151 136 -0.041502 0.992695 -0.113291
-0.687 -0.677 15.818 127 130 111 -0.036921 0.992389 -0.117476
-0.757 -0.672 15.894 156 159 152 -0.016625 0.991986 -0.125245
-0.719 -0.673 15.854 162 155 145 0.125468 0.991309 0.039562
-0.713 -0.673 15.850 154 154 144 0.017806 0.998181 -0.057607
-0.753 -0.672 15.895 157 156 138 0.034996 0.997923 -0.054085
-0.777 -0.672 15.889 157 150 142 0.049241 0.998443 -0.026192
-0.685 -0.678 15.835 150 147 138 -0.011768 0.995981 -0.088793
-0.702 -0.677 15.833 86 77 62 -0.007487 0.995830 -0.090919
-0.681 -0.679 15.828 148 148 148 -0.011451 0.998294 -0.057254
-0.767 -0.671 15.885 145 148 137 0.045517 0.998196 -0.039166
-0.692 -0.676 15.819 147 136 132 0.026352 0.998206 -0.053758
-0.771 -0.672 15.895 151 153 148 0.032743 0.998123 -0.051755
-0.684 -0.677 15.818 115 121 95 -0.011701 0.996744 -0.079782
-0.664 -0.678 15.816 129 126 121 -0.042806 0.995502 -0.084513
-0.691 -0.678 15.840 131 133 120 0.009498 0.997300 -0.072819
-0.744 -0.672 15.887 147 153 141 0.013804 0.997059 -0.075390
-0.714 -0.672 15.841 142 142 134 -0.011631 0.997110 -0.075074
-0.683 -0.676 15.836 151 150 129 -0.020378 0.996376 -0.082584
-0.679 -0.677 15.829 151 147 144 -0.024772 0.996247 -0.082931
-0.691 -0.678 15.829 143 129 126 -0.013858 0.996703 -0.079949
-0.655 -0.678 15.811 166 159 153 -0.035423 0.997225 -0.065480
-0.752 -0.672 15.887 149 145 134 0.059453 0.998187 -0.009387
-0.675 -0.676 15.828 147 140 134 -0.003098 0.998497 -0.054726
-0.679 -0.676 15.811 136 133 124 -0.026721 0.997226 -0.069474
-0.743 -0.672 15.879 148 141 125 0.042962 0.998614 -0.030388
-0.735 -0.674 15.881 145 149 134 0.049244 0.998496 -0.024098
-0.746 -0.673 15.889 141 153 143 0.026401 0.997963 -0.058082
-0.756 -0.671 15.891 150 152 141 0.053319 0.998419 -0.017773
-0.695 -0.675 15.844 156 150 150 0.017668 0.998750 -0.046768
-0.717 -0.673 15.852 161 159 147 0.062041 0.997913 -0.017876
-0.679 -0.676 15.837 152 162 135 -0.014127 0.994329 -0.105410
-0.659 -0.676 15.817 139 139 131 -0.053376 0.991429 -0.119244
-0.690 -0.675 15.817 151 134 127 -0.051906 0.988523 -0.141877
-0.673 -0.675 15.830 168 159 154 -0.039794 0.990313 -0.133027
-0.673 -0.677 15.807 147 137 128 -0.062744 0.991356 -0.115221
-0.696 -0.677 15.826 139 126 118 -0.052636 0.986050 -0.157908
-0.657 -0.679 15.809 154 150 149 -0.065033 0.991470 -0.112952
-0.700 -0.674 15.850 166 160 160 -0.007457 0.996055 -0.088420
-0.695 -0.674 15.846 163 161 164 -0.029549 0.994806 -0.097401
-0.657 -0.676 15.823 156 152 141 -0.049402 0.995733 -0.077946
-0.678 -0.676 15.816 133 133 121 -0.013831 0.996884 -0.077665
-0.732 -0.673 15.871 155 155 145 0.015865 0.997360 -0.070862
-0.665 -0.675 15.824 139 131 129 -0.050265 0.985430 -0.162485
-0.697 -0.679 15.837 106 91 86 -0.023375 0.991782 -0.125782
-0.677 -0.676 15.821 137 134 125 -0.028500 0.988375 -0.149339
-0.766 -0.671 15.890 144 143 141 0.024480 0.997304 -0.069183
-0.765 -0.672 15.883 148 148 140 0.024626 0.996802 -0.076018
-0.687 -0.679 15.834 136 137 131 -0.026353 0.986512 -0.161554
-0.741 -0.673 15.885 152 156 142 0.039557 0.997486 -0.058801
-0.694 -0.675 15.822 151 140 136 0.005418 0.993736 -0.111619
-0.699 -0.679 15.833 127 114 97 -0.032433 0.992012 -0.121904
-0.748 -0.671 15.883 152 144 123 -0.087219 -0.996021 -0.018305
-0.670 -0.675 15.832 155 151 140 -0.050996 0.991585 -0.118990
-0.675 -0.676 15.832 154 156 142 -0.013937 0.995936 -0.088980
-0.718 -0.673 15.860 157 154 139 -0.072971 -0.997266 0.011633
-0.740 -0.673 15.885 150 151 137 0.057847 0.998125 -0.019984
-0.668 -0.675 15.830 128 130 119 -0.027356 0.994654 -0.099575
-0.673 -0.676 15.821 143 134 125 -0.003171 0.996678 -0.081383
-0.695 -0.677 15.842 140 131 126 0.001051 0.997054 -0.076696
-0.729 -0.674 15.870 155 148 142 -0.101283 -0.993910 -0.043407
-0.698 -0.678 15.829 136 122 111 -0.013856 0.996530 -0.082067
-0.721 -0.673 15.855 160 150 141 -0.079782 -0.996744 -0.011701
-0.703 -0.677 15.838 104 97 81 -0.005184 0.998360 -0.057020
-0.712 -0.671 15.839 150 145 139 -0.013885 0.996516 -0.082242
-0.740 -0.672 15.877 145 138 112 0.017879 0.998042 -0.059946
-0.706 -0.673 15.837 128 121 95 -0.027469 0.994386 -0.102186
-0.708 -0.674 15.852 155 149 137 -0.016115 0.995886 -0.089168
-0.705 -0.674 15.832 103 85 63 -0.044273 0.991041 -0.126009
-0.682 -0.678 15.830 151 152 154 -0.018338 0.995619 -0.091688
-0.761 -0.671 15.890 151 153 139 0.034509 0.998655 -0.038691
-0.709 -0.674 15.853 157 151 137 -0.099997 -0.994477 -0.031867
-0.682 -0.677 15.816 132 134 112 -0.043569 0.993156 -0.108365
-0.681 -0.679 15.822 135 134 129 -0.015958 0.996852 -0.077663
-0.694 -0.679 15.832 129 118 112 -0.029259 0.995899 -0.085610
-0.772 -0.671 15.889 154 154 144 0.034647 0.998472 -0.043047
-0.679 -0.677 15.824 142 137 131 -0.061993 0.993022 -0.100317
-0.757 -0.672 15.887 151 155 141 0.047440 0.998339 -0.032681
-0.691 -0.676 15.842 141 146 124 -0.011908 0.994848 -0.100676
-0.774 -0.671 15.886 151 151 143 0.020258 0.996925 -0.075702
-0.669 -0.678 15.815 132 121 117 -0.059267 0.994124 -0.090578
-0.692 -0.679 15.838 135 130 126 -0.040687 0.995194 -0.089073
-0.762 -0.671 15.885 156 158 147 0.059086 0.998239 -0.005183
-0.727 -0.674 15.868 175 157 153 0.053319 0.998419 -0.017773
-0.673 -0.676 15.825 152 136 136 -0.035773 0.996222 -0.079134
-0.709 -0.674 15.846 163 155 136 0.056668 0.998393 -0.001030
-0.701 -0.679 15.836 115 107 88 -0.015834 0.997518 -0.068612
-0.710 -0.674 15.854 158 155 138 -0.089359 -0.995869 -0.016149
-0.708 -0.672 15.837 146 135 115 -0.007458 0.996241 -0.086305
-0.656 -0.678 15.816 152 141 134 -0.050868 0.996798 -0.061691
-0.695 -0.676 15.824 149 136 130 -0.009610 0.996207 -0.086487
-0.750 -0.672 15.893 159 149 139 0.074296 0.997236 -0.001046
-0.705 -0.674 15.849 145 145 133 -0.001036 0.997999 -0.063217
-0.686 -0.677 15.839 142 143 127 -0.009386 0.998061 -0.061531
-0.688 -0.679 15.829 107 113 99 -0.003134 0.997687 -0.067905
-0.765 -0.672 15.896 152 147 144 0.007328 0.997655 -0.068046
-0.744 -0.672 15.880 139 137 122 -0.001057 0.996331 -0.085581
-0.760 -0.673 15.896 161 158 151 -0.020222 -0.997249 0.071308
-0.701 -0.677 15.842 126 124 109 -0.036641 0.993746 -0.105481
-0.728 -0.673 15.862 150 140 128 -0.001055 0.996523 -0.083307
-0.668 -0.675 15.825 141 144 127 -0.036713 0.993482 -0.107915
-0.664 -0.678 15.813 144 141 136 -0.068272 0.989364 -0.128444
-0.722 -0.674 15.864 156 149 141 0.038536 0.998801 -0.030204
-0.748 -0.672 15.891 161 153 142 0.038851 0.998569 -0.036751
-0.703 -0.674 15.848 154 152 139 0.003146 0.997373 -0.072365
-0.656 -0.677 15.819 152 142 143 -0.063517 0.989714 -0.128189
-0.665 -0.676 15.820 136 133 126 -0.043063 0.994860 -0.091646
-0.731 -0.672 15.863 141 138 129 0.022305 0.997365 -0.069040
-0.684 -0.678 15.831 144 146 141 0.007371 0.997174 -0.074762
-0.700 -0.674 15.846 155 151 139 0.019863 0.998380 -0.053317
-0.684 -0.679 15.826 136 139 132 0.020063 0.997856 -0.062300
-0.753 -0.671 15.881 151 153 142 0.059699 0.998124 -0.013616
-0.712 -0.674 15.856 152 156 142 -0.183271 -0.976201 -0.115947
-0.780 -0.671 15.886 157 146 140 0.057963 0.998024 -0.024239
-0.725 -0.673 15.861 150 141 136 -0.084188 -0.996404 -0.009591
-0.679 -0.676 15.832 151 151 149 -0.007300 0.998078 -0.061533
-0.750 -0.671 15.885 147 138 123 0.059697 0.998093 -0.015710
-0.660 -0.676 15.821 143 145 131 -0.048928 0.991072 -0.124026
-0.695 -0.678 15.835 126 112 109 0.001065 0.995698 -0.092648
-0.704 -0.676 15.842 122 124 102 0.013694 0.997559 -0.068470
-0.703 -0.675 15.845 146 149 130 0.005274 0.996852 -0.079115
-0.754 -0.671 15.889 144 146 132 0.030755 0.997945 -0.056207
-0.597 -0.675 15.803 161 161 153 -0.038020 0.996126 -0.079299
-0.599 -0.674 15.805 163 162 158 -0.056449 0.989577 -0.132481
-0.580 -0.675 15.797 158 154 142 -0.046083 0.992466 -0.113521
-0.599 -0.675 15.801 164 160 151 -0.045719 0.993557 -0.103705
-0.591 -0.675 15.800 153 146 138 -0.048446 0.992579 -0.111538
-0.615 -0.676 15.803 169 158 156 -0.043742 0.992600 -0.113280
-0.596 -0.675 15.798 155 157 144 -0.042977 0.995081 -0.089260
-0.588 -0.674 15.802 145 142 133 -0.045992 0.992750 -0.111053
-0.591 -0.675 15.804 145 142 135 -0.045821 0.993528 -0.103935
-0.593 -0.674 15.806 150 147 138 -0.053165 0.992029 -0.114247
-0.609 -0.676 15.804 165 161 152 -0.053482 0.991118 -0.121756
-0.607 -0.676 15.802 159 159 151 -0.058977 0.988729 -0.137613
-0.583 -0.675 15.799 163 163 151 -0.065546 0.983189 -0.170419
-0.598 -0.676 15.799 158 160 147 -0.074312 0.978242 -0.193699
-0.602 -0.675 15.803 170 166 157 -0.068342 0.981970 -0.176251
-0.580 -0.675 15.801 161 155 143 -0.054543 0.987575 -0.147382
-0.589 -0.675 15.797 151 151 141 -0.051923 0.988844 -0.139615
-0.597 -0.675 15.807 159 152 146 -0.051415 0.990592 -0.126823
-0.617 -0.676 15.805 161 155 157 -0.046186 0.992432 -0.113775
-0.625 -0.675 15.814 151 151 141 -0.043149 0.994633 -0.094042
-0.607 -0.675 15.811 161 158 153 -0.055877 0.990954 -0.122016
-0.628 -0.676 15.812 156 156 144 -0.061179 0.989260 -0.132748
-0.625 -0.676 15.806 160 158 137 -0.051501 0.989962 -0.131613
-0.648 -0.676 15.819 144 140 128 -0.063994 0.993590 -0.093184
-0.602 -0.675 15.807 161 153 150 -0.047955 0.993680 -0.101487
-0.625 -0.676 15.810 152 150 135 -0.031187 0.996913 -0.072053
-0.629 -0.675 15.816 144 139 133 -0.033269 0.997009 -0.069758
-0.649 -0.677 15.810 152 144 131 -0.040518 0.995427 -0.086511
-0.633 -0.676 15.816 143 142 138 -0.038484 0.995083 -0.091262
-0.643 -0.677 15.810 151 145 129 -0.026933 0.996539 -0.078646
-0.639 -0.677 15.811 150 147 142 -0.040931 0.994516 -0.096243
-0.627 -0.677 15.808 163 162 144 -0.045538 0.994060 -0.098851
-0.651 -0.677 15.817 144 145 129 -0.033274 0.997156 -0.067622
-0.637 -0.676 15.816 141 144 133 -0.047966 0.993903 -0.099279
-0.615 -0.676 15.807 170 160 151 -0.055655 0.991572 -0.116990
-0.643 -0.677 15.815 152 146 132 -0.042124 0.996938 -0.065886
-0.651 -0.677 15.820 158 155 138 -0.046919 0.996220 -0.073107
-0.610 -0.676 15.808 165 162 153 -0.050493 0.993020 -0.106595
-0.622 -0.676 15.811 158 158 146 -0.040841 0.994540 -0.096032
-0.620 -0.675 15.810 162 159 144 -0.047775 0.994384 -0.094439
-0.640 -0.676 15.818 153 150 143 -0.058530 0.990417 -0.125093
-0.633 -0.676 15.811 141 141 139 -0.033269 0.997009 -0.069758
-0.639 -0.677 15.812 148 142 144 -0.060455 0.991232 -0.117488
-0.620 -0.676 15.806 159 157 144 -0.058995 0.989041 -0.135342
-0.618 -0.675 15.809 167 162 158 -0.035631 0.996584 -0.074501
-0.615 -0.675 15.811 164 156 145 -0.054785 0.993965 -0.095036
-0.648 -0.677 15.814 141 139 126 -0.057026 0.994050 -0.092808
-0.650 -0.678 15.812 153 149 138 -0.055670 0.991834 -0.114748
-0.607 -0.675 15.806 160 160 152 -0.050504 0.993255 -0.104376
