-2.785 -0.667 14.817 184 180 169 0.002944 0.999991 -0.002944
-2.742 -0.667 14.793 163 164 159 0.002950 0.999984 -0.004916
-2.793 -0.667 14.816 165 165 171 0.000983 0.999987 -0.004916
-2.829 -0.666 14.825 189 184 181 0.000989 0.999940 -0.010880
-2.761 -0.667 14.801 173 170 165 0.004907 0.999987 -0.000981
-2.734 -0.667 14.790 174 162 172 0.004926 0.999976 -0.004926
-2.825 -0.666 14.822 190 187 180 0.000991 0.999917 -0.012883
-2.817 -0.666 14.822 190 186 185 0.002961 0.999956 -0.008884
-2.837 -0.666 14.830 185 179 179 0.004945 0.999964 -0.006924
-2.833 -0.666 14.827 189 180 181 0.000991 0.999917 -0.012883
-2.796 -0.666 14.822 177 168 169 0.000985 0.999960 -0.008867
-2.793 -0.667 14.814 170 176 171 0.002938 0.999995 -0.000979
-2.821 -0.666 14.822 190 187 180 0.002950 0.999984 -0.004916
-2.796 -0.666 14.813 181 184 175 0.004907 0.999987 -0.000981
-2.788 -0.667 14.814 173 164 169 0.002956 0.999972 -0.006896
-2.757 -0.667 14.801 169 162 156 0.000981 0.999995 -0.002944
-2.817 -0.666 14.827 188 170 182 0.002961 0.999956 -0.008884
-2.825 -0.666 14.827 181 171 172 0.002956 0.999984 -0.004926
-2.789 -0.666 14.817 181 171 172 0.000993 0.999889 -0.014894
-2.801 -0.666 14.816 182 182 180 0.002944 0.999991 -0.002944
-2.813 -0.666 14.821 167 166 164 0.002956 0.999984 -0.004926
-2.796 -0.666 14.816 169 168 166 0.004916 0.999987 -0.000983
-2.769 -0.667 14.809 170 158 158 0.002944 0.999995 -0.000981
-2.833 -0.666 14.830 174 168 170 0.006924 0.999952 -0.006924
-2.829 -0.666 14.830 179 169 168 0.000991 0.999917 -0.012883
-2.765 -0.666 14.803 166 161 157 0.002944 0.999991 -0.002944
-2.801 -0.667 14.824 181 176 173 0.000985 0.999960 -0.008867
-2.801 -0.667 14.822 172 168 169 -0.000993 0.999889 -0.014894
-2.769 -0.667 14.803 177 173 172 0.000987 0.999941 -0.010858
-2.757 -0.667 14.803 163 159 147 0.002961 0.999972 -0.006910
-2.780 -0.667 14.808 185 181 180 0.002950 0.999984 -0.004916
-2.793 -0.667 14.822 181 166 171 -0.000989 0.999940 -0.010880
-2.773 -0.667 14.811 180 165 162 0.000981 0.999995 -0.002944
-2.821 -0.666 14.824 191 182 185 0.002956 0.999984 -0.004926
-2.805 -0.666 14.822 175 171 170 0.000985 0.999976 -0.006896
-2.753 -0.666 14.795 170 155 162 0.002956 0.999972 -0.006896
-2.785 -0.667 14.814 180 175 171 0.002961 0.999956 -0.008884
-2.777 -0.667 14.812 170 166 155 -0.000987 0.999941 -0.010858
-2.754 -0.667 14.798 169 155 155 0.000991 0.999917 -0.012883
-2.738 -0.667 14.790 165 166 161 0.004936 0.999964 -0.006910
-2.750 -0.667 14.796 182 167 172 0.000981 0.999995 -0.002944
-2.773 -0.667 14.809 173 163 161 0.000987 0.999960 -0.008884
-2.761 -0.667 14.804 166 163 156 0.002967 0.999956 -0.008902
-2.711 -0.667 14.791 164 153 159 0.002967 0.999936 -0.010880
-2.702 -0.667 14.787 159 151 148 0.002973 0.999936 -0.010901
-2.695 -0.667 14.777 158 147 153 0.006937 0.999952 -0.006937
-2.690 -0.667 14.774 159 150 155 0.002967 0.999936 -0.010880
-2.703 -0.668 14.796 163 155 152 0.002956 0.999984 -0.004926
-2.664 -0.667 14.774 164 157 149 0.004936 0.999976 -0.004936
-2.686 -0.667 14.774 163 150 167 0.002961 0.999972 -0.006910
-2.695 -0.667 14.788 155 159 158 0.004907 0.999987 -0.000981
-2.690 -0.667 14.776 161 148 165 0.002956 0.999972 -0.006896
-2.702 -0.667 14.782 172 157 162 0.006896 0.999976 0.000985
-2.683 -0.667 14.774 168 154 167 0.002961 0.999972 -0.006910
-2.707 -0.667 14.796 153 147 147 0.004916 0.999987 -0.000983
-2.699 -0.667 14.782 165 154 158 0.004926 0.999984 -0.002956
-2.691 -0.668 14.785 156 158 157 0.004945 0.999948 -0.008902
-2.723 -0.668 14.791 167 169 158 -0.000989 0.999917 -0.012857
-2.703 -0.667 14.790 150 147 142 0.004926 0.999984 -0.002956
-2.707 -0.667 14.788 169 157 157 -0.000989 0.999917 -0.012857
-2.675 -0.668 14.774 151 154 143 0.004945 0.999948 -0.008902
-2.707 -0.667 14.791 157 153 150 0.004916 0.999984 -0.002950
-2.727 -0.668 14.791 175 167 164 0.006910 0.999972 0.002961
-2.676 -0.667 14.777 162 158 147 0.006924 0.999952 -0.006924
-2.687 -0.667 14.776 158 150 163 0.002979 0.999912 -0.012908
-2.690 -0.667 14.782 151 151 151 0.002967 0.999956 -0.008902
-2.716 -0.668 14.794 165 155 164 0.002956 0.999972 -0.006896
-2.695 -0.667 14.782 159 149 157 0.002956 0.999984 -0.004926
-2.671 -0.667 14.774 172 159 143 0.000987 0.999941 -0.010858
-2.667 -0.667 14.774 168 160 149 0.004936 0.999964 -0.006910
-2.730 -0.667 14.790 173 160 169 0.000981 0.999987 -0.004907
-2.683 -0.667 14.777 163 154 159 0.006896 0.999976 -0.000985
-2.699 -0.667 14.791 152 150 151 0.004926 0.999976 -0.004926
-2.698 -0.668 14.787 153 144 145 0.006924 0.999952 -0.006924
-2.711 -0.667 14.796 146 151 147 0.002961 0.999972 -0.006910
-2.710 -0.668 14.788 169 157 161 0.002950 0.999984 -0.004916
-2.720 -0.668 14.791 162 169 161 0.002944 0.999995 0.000981
