-0.496 -0.678 15.103 157 148 139 -0.047340 -0.998346 -0.032612
-0.500 -0.679 15.108 160 149 143 0.029486 0.999478 0.013218
-0.509 -0.679 15.127 156 157 143 0.002973 0.999913 -0.012883
-0.522 -0.678 15.132 160 150 140 0.000981 0.999987 -0.004907
-0.522 -0.678 15.127 164 156 143 -0.006992 0.999863 -0.014983
-0.579 -0.678 15.152 163 157 143 -0.004975 0.999876 -0.014924
-0.585 -0.679 15.151 164 162 147 -0.013218 0.999478 -0.029486
-0.531 -0.679 15.131 170 164 148 -0.004984 0.999876 -0.014953
-0.517 -0.678 15.126 152 152 140 -0.017423 0.999276 -0.033822
-0.528 -0.679 15.138 162 155 139 -0.007033 0.999753 -0.021100
-0.590 -0.679 15.151 162 161 141 -0.009097 0.999639 -0.025269
-0.590 -0.679 15.147 169 166 149 -0.015313 0.999444 -0.029606
-0.531 -0.680 15.140 154 158 135 -0.004984 0.999876 -0.014953
-0.590 -0.680 15.155 166 159 143 -0.013192 0.999538 -0.027398
-0.544 -0.678 15.145 172 159 150 -0.011053 0.999757 -0.019091
-0.527 -0.678 15.129 159 155 144 -0.011185 0.999503 -0.029487
-0.592 -0.679 15.157 157 151 139 -0.013218 0.999478 -0.029486
-0.499 -0.679 15.116 160 154 138 -0.005004 0.999767 -0.021016
-0.518 -0.679 15.130 161 157 146 -0.021871 0.998757 -0.044783
-0.585 -0.679 15.147 159 161 147 -0.019590 0.999080 -0.038149
-0.547 -0.679 15.139 169 160 155 -0.000989 0.999940 -0.010880
-0.579 -0.678 15.148 170 161 154 -0.026143 0.998646 -0.044965
-0.549 -0.679 15.140 168 158 156 0.002956 0.999984 -0.004926
-0.512 -0.679 15.128 162 164 143 -0.013270 0.999344 -0.033686
-0.504 -0.678 15.117 159 150 143 -0.003002 0.999775 -0.021016
-0.602 -0.680 15.154 151 149 137 -0.015373 0.999238 -0.035870
-0.518 -0.680 15.136 158 151 143 -0.009133 0.999525 -0.029428
-0.522 -0.679 15.140 157 149 147 -0.011118 0.999619 -0.025268
-0.603 -0.680 15.159 149 143 129 -0.017492 0.999122 -0.038072
-0.549 -0.679 15.143 164 159 156 -0.011118 0.999619 -0.025268
-0.557 -0.678 15.144 161 158 139 -0.011163 0.999562 -0.027399
-0.536 -0.678 15.133 162 158 149 -0.013244 0.999413 -0.031582
-0.598 -0.679 15.152 155 149 135 -0.015373 0.999238 -0.035870
-0.517 -0.678 15.122 155 159 145 -0.019629 0.998995 -0.040290
-0.515 -0.678 15.121 160 157 140 -0.005004 0.999807 -0.019015
-0.592 -0.679 15.148 166 159 143 -0.013219 0.999536 -0.027454
-0.592 -0.679 15.153 160 157 140 -0.002973 0.999913 -0.012883
-0.553 -0.679 15.142 162 158 147 0.000985 0.999976 -0.006896
-0.539 -0.678 15.139 162 149 140 -0.000995 0.999856 -0.016913
-0.607 -0.679 15.152 150 157 150 -0.007019 0.999754 -0.021058
-0.536 -0.679 15.137 154 148 136 0.002961 0.999956 -0.008884
-0.566 -0.679 15.148 163 159 150 -0.004994 0.999843 -0.016980
-0.539 -0.678 15.135 163 151 139 0.000985 0.999976 -0.006896
-0.504 -0.678 15.113 162 154 151 0.006951 0.999916 -0.010923
-0.599 -0.679 15.157 160 151 142 -0.026195 0.998544 -0.047151
-0.549 -0.679 15.143 168 156 156 0.002956 0.999972 -0.006896
-0.518 -0.679 15.135 162 155 149 -0.007033 0.999708 -0.023109
-0.612 -0.679 15.155 157 154 139 -0.015343 0.999312 -0.033754
-0.522 -0.679 15.136 157 147 145 -0.011118 0.999619 -0.025268
-0.528 -0.678 15.133 161 153 140 0.000989 0.999940 -0.010880
-0.531 -0.679 15.135 157 161 138 -0.004984 0.999844 -0.016947
-0.570 -0.679 15.151 163 154 145 0.000991 0.999889 -0.014865
-0.561 -0.679 15.149 157 159 137 -0.007061 0.999657 -0.025218
-0.507 -0.679 15.118 166 153 144 -0.003002 0.999775 -0.021016
-0.601 -0.680 15.158 155 144 142 -0.015374 0.999310 -0.033823
-0.557 -0.678 15.147 163 156 137 -0.000993 0.999889 -0.014894
-0.505 -0.679 15.121 165 153 141 -0.011140 0.999564 -0.027344
-0.499 -0.679 15.112 159 152 142 -0.013244 0.999413 -0.031582
-0.507 -0.679 15.114 167 155 143 -0.005004 0.999807 -0.019015
-0.572 -0.679 15.152 162 160 147 -0.007047 0.999658 -0.025168
-0.545 -0.678 15.137 172 162 150 -0.017459 0.999273 -0.033891
-0.548 -0.679 15.146 169 160 151 -0.011229 0.999369 -0.033687
-0.507 -0.679 15.123 163 157 145 -0.009096 0.999586 -0.027289
-0.539 -0.678 15.143 163 155 142 -0.011163 0.999562 -0.027399
-0.384 -0.681 15.000 159 152 146 -0.017320 0.999471 -0.027508
-0.396 -0.680 14.998 163 157 141 -0.011031 0.999826 -0.015043
-0.380 -0.680 14.994 156 159 132 -0.006978 0.999864 -0.014953
-0.362 -0.680 14.990 150 145 139 -0.002967 0.999956 -0.008902
-0.349 -0.681 14.990 161 155 155 -0.000987 0.999960 -0.008884
-0.353 -0.680 14.990 155 152 137 0.000983 0.999987 -0.004916
-0.375 -0.680 14.993 168 158 148 -0.002967 0.999956 -0.008902
-0.371 -0.679 14.992 167 154 145 -0.011053 0.999793 -0.017082
-0.370 -0.681 14.996 159 149 139 -0.011053 0.999793 -0.017082
-0.383 -0.680 14.995 167 156 138 -0.004965 0.999904 -0.012908
-0.380 -0.679 14.990 159 158 137 -0.011009 0.999827 -0.015012
-0.366 -0.680 14.991 161 155 139 -0.000985 0.999976 -0.006896
-0.353 -0.680 14.993 158 156 143 0.021269 0.999658 0.015192
-0.356 -0.680 14.990 154 148 134 -0.000981 0.999995 -0.002944
-0.384 -0.680 14.995 160 156 147 0.016980 0.999831 0.006992
-0.388 -0.681 14.996 164 157 138 -0.000978 -0.999999 -0.000978
-0.355 -0.680 14.990 154 151 132 -0.006978 0.999892 -0.012960
-0.418 -0.680 15.025 141 135 121 0.008902 0.999956 0.002967
-0.416 -0.682 15.026 155 152 137 0.000983 0.999987 -0.004916
-0.419 -0.680 15.017 153 138 117 -0.004994 0.999807 -0.018977
-0.401 -0.680 15.003 157 158 142 -0.000983 0.999976 -0.006883
-0.411 -0.682 15.014 164 155 140 -0.021568 0.999324 -0.029785
-0.403 -0.681 15.008 160 158 143 -0.002973 0.999913 -0.012883
-0.415 -0.681 15.022 157 158 144 -0.002985 0.999852 -0.016913
-0.397 -0.681 15.007 159 158 137 -0.004965 0.999904 -0.012908
-0.397 -0.682 15.011 159 156 139 -0.007006 0.999831 -0.017014
-0.406 -0.681 15.016 159 164 142 -0.000989 0.999940 -0.010880
-0.415 -0.681 15.010 154 151 136 -0.004965 0.999904 -0.012908
-0.388 -0.681 15.001 159 154 135 -0.011053 0.999757 -0.019091
-0.407 -0.681 15.020 168 158 156 -0.011053 0.999793 -0.017082
-0.391 -0.681 15.001 155 155 143 -0.002973 0.999913 -0.012883
-0.410 -0.681 15.009 160 153 137 -0.000987 0.999960 -0.008884
-0.419 -0.680 15.013 157 151 129 -0.015102 0.999739 -0.017115
-0.412 -0.682 15.024 165 158 148 -0.002956 0.999984 -0.004926
-0.401 -0.681 15.007 160 156 145 -0.006937 0.999936 -0.008919
-0.406 -0.681 15.009 155 163 140 -0.019398 0.999486 -0.025523
-0.401 -0.681 15.012 165 156 147 -0.006951 0.999936 -0.008937
-0.393 -0.681 15.002 157 155 142 0.002956 0.999972 -0.006896
-0.415 -0.681 15.018 156 153 138 0.027786 0.999283 0.025728
-0.411 -0.682 15.018 168 160 147 0.006896 0.999972 0.002956
-0.415 -0.681 15.014 153 145 132 0.002944 0.999995 -0.000981
-0.403 -0.682 15.016 167 160 152 -0.023623 0.999336 -0.027731
-0.397 -0.681 15.002 164 159 140 -0.000983 0.999987 -0.004916
-0.418 -0.680 15.021 140 134 120 -0.006964 0.999892 -0.012934
-0.406 -0.681 15.013 154 162 139 -0.013115 0.999730 -0.019167
-0.410 -0.680 15.005 166 160 148 -0.004955 0.999928 -0.010901
-0.411 -0.682 15.021 165 156 147 -0.006964 0.999892 -0.012934
-0.406 -0.680 15.004 162 164 142 -0.019358 0.999488 -0.025471
-0.460 -0.679 15.078 153 147 133 0.005004 0.999807 -0.019015
-0.464 -0.680 15.075 154 145 140 -0.120277 -0.989074 -0.085245
-0.490 -0.679 15.102 159 151 138 0.002991 0.999852 -0.016947
-0.468 -0.680 15.074 155 143 133 0.072805 0.996445 0.042379
-0.455 -0.679 15.059 160 154 138 0.073107 0.996220 0.046919
-0.460 -0.680 15.079 154 148 132 -0.103862 -0.991821 -0.074187
-0.469 -0.681 15.086 148 151 135 -0.088717 -0.993851 -0.066257
-0.478 -0.680 15.091 154 149 137 0.046861 0.998662 0.021869
-0.460 -0.679 15.064 161 156 151 0.143909 0.983179 0.112467
-0.486 -0.679 15.097 160 155 133 0.011009 0.999855 -0.013011
-0.464 -0.681 15.080 152 144 136 -0.035582 -0.999341 -0.007116
-0.490 -0.679 15.106 158 149 142 0.000993 0.999857 -0.016879
-0.486 -0.679 15.093 155 147 136 0.007006 0.999831 -0.017014
-0.481 -0.680 15.096 156 150 136 0.002996 0.999776 -0.020974
-0.455 -0.679 15.070 156 154 141 0.115380 0.989468 0.087409
-0.473 -0.680 15.086 150 143 134 0.004984 0.999876 -0.014953
-0.494 -0.679 15.106 148 152 129 0.002996 0.999815 -0.018978
-0.455 -0.680 15.056 160 154 138 0.012985 0.999875 -0.008990
-0.473 -0.680 15.082 151 144 143 0.012934 0.999892 -0.006964
-0.481 -0.679 15.091 152 153 135 0.019015 0.999807 -0.005004
-0.461 -0.680 15.065 162 158 149 -0.078108 -0.995603 -0.051705
-0.464 -0.681 15.069 152 146 131 0.014953 0.999864 -0.006978
-0.460 -0.680 15.075 162 150 136 -0.117950 -0.989149 -0.087587
-0.473 -0.680 15.090 161 147 137 0.022971 0.999736 -0.000999
-0.468 -0.680 15.077 158 144 145 0.067757 0.996992 0.037643
-0.478 -0.679 15.087 157 146 135 0.065745 0.996951 0.042034
-0.464 -0.681 15.073 147 145 130 -0.068037 -0.996793 -0.042118
-0.481 -0.679 15.088 159 155 143 0.029192 0.999573 -0.001007
-0.459 -0.680 15.074 157 151 139 -0.040209 -0.999038 -0.017527
-0.461 -0.680 15.069 166 156 151 0.040129 0.999105 0.013376
-0.455 -0.679 15.066 158 157 139 0.015012 0.999827 -0.011009
-0.455 -0.679 15.073 155 153 138 -0.031456 -0.999480 -0.007103
-0.494 -0.679 15.111 160 157 138 0.004965 0.999904 -0.012908
-0.459 -0.680 15.071 166 157 148 0.013011 0.999831 -0.013011
-0.486 -0.679 15.101 162 154 143 0.006978 0.999864 -0.014953
-0.469 -0.681 15.082 150 147 138 0.088151 0.994215 0.061371
-0.446 -0.681 15.063 141 139 118 0.093184 0.993590 0.063994
-0.433 -0.681 15.051 164 157 147 -0.083535 -0.994620 -0.061259
-0.442 -0.681 15.052 156 149 139 -0.078423 -0.995200 -0.058541
-0.442 -0.681 15.056 150 146 135 -0.068325 -0.996672 -0.044465
-0.433 -0.681 15.046 156 147 130 0.023109 0.999708 0.007033
-0.428 -0.681 15.038 167 157 145 0.071067 0.996032 0.053574
-0.451 -0.680 15.065 159 152 142 0.002990 0.999816 -0.018940
-0.425 -0.681 15.037 171 155 140 -0.017183 0.999668 -0.019205
-0.437 -0.680 15.040 139 132 113 -0.009007 0.999815 -0.017014
-0.416 -0.682 15.029 162 154 141 0.008884 0.999960 0.000987
-0.442 -0.681 15.048 150 147 132 0.083870 0.994139 0.068214
-0.447 -0.681 15.060 149 145 129 0.063201 0.997296 0.037492
-0.425 -0.680 15.033 166 160 148 0.006883 0.999976 -0.000983
-0.430 -0.681 15.035 160 154 142 -0.054196 -0.997837 -0.037193
-0.429 -0.682 15.039 161 155 143 -0.017048 -0.999814 -0.009025
-0.427 -0.680 15.030 164 161 152 -0.013062 0.999769 -0.017081
-0.446 -0.681 15.056 157 150 132 0.002967 0.999956 -0.008902
-0.451 -0.680 15.058 160 151 146 0.031329 0.999496 0.005053
-0.451 -0.680 15.068 161 152 138 -0.098482 -0.992740 -0.069050
-0.418 -0.680 15.028 140 132 121 -0.000985 0.999960 -0.008867
-0.425 -0.680 15.029 159 159 151 -0.006964 0.999892 -0.012934
-0.437 -0.680 15.046 147 145 122 0.064116 0.996521 0.053249
-0.425 -0.681 15.042 176 158 146 0.000991 0.999917 -0.012883
-0.442 -0.682 15.060 148 149 133 0.014953 0.999864 -0.006978
-0.437 -0.681 15.055 167 159 146 -0.147286 -0.982311 -0.115638
-0.434 -0.681 15.040 150 139 119 -0.084057 -0.994113 -0.068366
-0.441 -0.681 15.044 155 153 138 0.066288 0.996493 0.051074
-0.437 -0.680 15.051 156 151 132 0.045057 0.998584 0.028291
-0.428 -0.681 15.034 166 162 151 0.023341 0.999612 0.015223
-0.420 -0.681 15.032 154 145 130 0.021311 0.999587 0.019281
-0.446 -0.680 15.052 159 152 134 -0.093379 -0.993415 -0.066378
-0.429 -0.682 15.046 163 160 143 0.000991 0.999917 -0.012883
-0.438 -0.680 15.043 153 151 130 -0.002973 0.999913 -0.012883
-0.451 -0.680 15.061 158 151 145 0.040128 0.999075 0.015434
-0.429 -0.682 15.043 160 154 140 0.063992 0.996756 0.048807
-0.433 -0.681 15.043 149 138 118 0.099741 0.991678 0.081398
