-0.761 -0.672 14.076 94 96 85 -0.017252 0.999624 -0.021312
-0.773 -0.670 14.084 127 122 119 -0.021440 0.999494 -0.023481
-0.818 -0.671 14.098 135 132 123 -0.000993 0.999889 -0.014894
-0.777 -0.670 14.086 127 133 123 -0.034647 0.998472 -0.043047
-0.786 -0.670 14.093 130 126 123 -0.030145 0.998957 -0.034303
-0.854 -0.671 14.084 130 143 133 -0.002950 0.999991 -0.002950
-0.774 -0.672 14.032 120 111 112 -0.011162 0.999505 -0.029427
-0.764 -0.670 14.067 127 129 116 -0.002991 0.999852 -0.016947
-0.756 -0.671 14.045 157 146 150 -0.009115 0.999584 -0.027344
-0.765 -0.671 14.044 145 138 132 0.002990 0.999816 -0.018940
-0.751 -0.670 14.058 142 144 131 -0.002991 0.999852 -0.016947
-0.774 -0.672 14.028 130 129 127 0.007033 0.999753 -0.021100
-0.750 -0.671 14.053 147 150 133 0.006992 0.999831 -0.016980
-0.751 -0.671 14.062 136 132 131 0.000991 0.999889 -0.014865
-0.836 -0.672 14.089 154 154 144 -0.013062 0.999769 -0.017081
-0.782 -0.672 14.019 135 147 125 -0.025778 0.999156 -0.031965
-0.863 -0.671 14.084 142 139 146 -0.010944 0.999900 -0.008954
-0.768 -0.672 14.027 133 128 125 -0.025675 0.999286 -0.027729
-0.764 -0.673 14.040 148 143 139 -0.009043 0.999777 -0.019091
-0.770 -0.672 14.036 115 114 93 -0.015072 0.999773 -0.015072
-0.761 -0.670 14.062 109 109 101 -0.013219 0.999536 -0.027454
-0.869 -0.671 14.084 145 136 121 -0.010944 0.999900 -0.008954
-0.765 -0.670 14.049 144 143 138 -0.004945 0.999964 -0.006924
-0.803 -0.671 14.094 158 148 147 -0.000979 0.999999 0.000979
-0.769 -0.671 14.080 123 114 107 -0.033890 0.999235 -0.019512
-0.770 -0.673 14.031 124 118 120 -0.021396 0.999496 -0.023434
-0.769 -0.672 14.040 94 100 64 -0.031709 0.999346 -0.017389
-0.752 -0.671 14.074 150 140 131 -0.015132 0.999738 -0.017150
-0.765 -0.672 14.041 141 132 133 -0.011119 0.999668 -0.023248
-0.746 -0.670 14.062 140 128 128 -0.011053 0.999757 -0.019091
-0.756 -0.673 14.071 129 129 121 -0.015192 0.999613 -0.023294
-0.879 -0.671 14.088 150 149 145 -0.002950 0.999984 0.004916
-0.768 -0.672 14.030 140 137 128 -0.009008 0.999847 -0.015013
-0.768 -0.672 14.036 106 110 87 -0.000989 0.999940 -0.010880
-0.751 -0.671 14.054 151 153 142 -0.004975 0.999876 -0.014924
-0.859 -0.671 14.085 139 142 131 -0.004936 0.999964 -0.006910
-0.872 -0.672 14.080 149 145 142 -0.004926 0.999984 -0.002956
-0.760 -0.671 14.079 136 138 137 -0.007020 0.999794 -0.019053
-0.856 -0.671 14.085 144 143 159 -0.006978 0.999892 -0.012960
-0.840 -0.671 14.088 142 137 134 -0.000978 0.999999 -0.000978
-0.863 -0.671 14.080 142 133 134 -0.009007 0.999815 -0.017014
-0.800 -0.671 14.094 153 148 142 0.000991 0.999889 -0.014865
-0.749 -0.671 14.066 133 130 123 -0.011163 0.999562 -0.027399
-0.876 -0.671 14.089 149 140 141 -0.008955 0.999920 -0.008955
-0.791 -0.670 14.093 151 147 144 -0.006978 0.999864 -0.014953
-0.828 -0.671 14.094 153 153 145 -0.002950 0.999984 -0.004916
-0.773 -0.671 14.089 123 124 116 -0.005053 0.999496 -0.031329
-0.778 -0.671 14.084 134 137 128 0.005004 0.999807 -0.019015
-0.765 -0.670 14.071 116 118 115 0.002996 0.999776 -0.020974
-0.872 -0.671 14.092 146 136 127 -0.004936 0.999964 -0.006910
-0.760 -0.671 14.070 120 115 96 -0.015192 0.999613 -0.023294
-0.787 -0.671 14.089 147 148 143 -0.011272 0.999137 -0.039965
-0.760 -0.671 14.041 158 150 147 -0.007117 0.999412 -0.033551
-0.783 -0.674 14.084 148 140 137 0.000999 0.999780 -0.020974
-0.876 -0.671 14.085 145 141 130 -0.006992 0.999863 -0.014983
-0.756 -0.670 14.061 133 128 124 -0.025778 0.999156 -0.031965
-0.823 -0.671 14.096 150 146 137 0.000985 0.999960 -0.008867
-0.810 -0.670 14.096 150 149 144 -0.002950 0.999984 -0.004916
-0.764 -0.672 14.035 139 141 127 -0.002990 0.999816 -0.018940
-0.767 -0.672 14.032 146 144 123 -0.007020 0.999794 -0.019053
-0.756 -0.671 14.066 97 98 84 0.002996 0.999776 -0.020974
-0.764 -0.671 14.080 134 131 126 -0.008990 0.999847 -0.014983
-0.872 -0.671 14.084 151 148 143 -0.008884 0.999956 -0.002961
-0.760 -0.670 14.054 131 124 114 -0.007019 0.999754 -0.021058
-0.859 -0.671 14.080 118 121 112 -0.008990 0.999875 -0.012985
-0.782 -0.671 14.088 137 143 139 -0.015192 0.999613 -0.023294
-0.774 -0.672 14.023 141 139 127 -0.015132 0.999702 -0.019167
-0.773 -0.672 14.035 128 110 108 -0.011074 0.999715 -0.021142
-0.760 -0.670 14.049 148 149 141 -0.003002 0.999775 -0.021016
-0.765 -0.670 14.075 101 76 71 -0.013193 0.999591 -0.025370
-0.760 -0.670 14.067 114 113 92 0.000993 0.999889 -0.014894
-0.753 -0.671 14.059 136 143 125 -0.011097 0.999714 -0.021185
-0.867 -0.670 14.080 136 137 121 -0.006937 0.999936 -0.008919
-0.778 -0.670 14.089 119 116 107 0.006978 0.999864 -0.014953
-0.881 -0.671 14.089 144 141 124 -0.006883 0.999976 0.000983
-0.747 -0.671 14.066 138 135 130 0.004994 0.999807 -0.018977
-0.868 -0.671 14.088 124 124 116 -0.004916 0.999987 0.000983
-0.832 -0.671 14.092 157 150 142 -0.006937 0.999936 -0.008919
-0.778 -0.670 14.087 99 103 89 -0.023764 0.999136 -0.034097
-0.756 -0.670 14.063 119 127 106 -0.017150 0.999738 -0.015132
-0.761 -0.671 14.036 145 147 142 -0.013089 0.999768 -0.017116
-0.751 -0.671 14.062 138 132 132 -0.005014 0.999721 -0.023063
-0.757 -0.671 14.053 162 162 152 -0.007006 0.999831 -0.017014
-0.779 -0.672 14.080 142 150 137 -0.009061 0.999691 -0.023155
-0.778 -0.672 14.022 162 151 155 -0.005014 0.999721 -0.023063
-0.752 -0.671 14.049 129 119 120 -0.009078 0.999641 -0.025218
-0.752 -0.673 14.071 135 136 130 -0.023575 0.999394 -0.025625
-0.756 -0.671 14.049 160 157 140 -0.007006 0.999831 -0.017014
-0.827 -0.671 14.093 144 152 139 -0.002961 0.999956 -0.008884
-0.756 -0.670 14.058 135 134 130 -0.007019 0.999754 -0.021058
-0.778 -0.671 14.027 116 112 100 -0.002990 0.999816 -0.018940
-0.770 -0.672 14.023 133 133 135 0.009025 0.999778 -0.019053
-0.788 -0.673 14.084 134 129 110 0.000991 0.999917 -0.012883
-0.751 -0.673 14.067 127 122 118 -0.017320 0.999471 -0.027508
-0.872 -0.671 14.088 100 80 73 -0.008954 0.999900 -0.010944
-0.795 -0.670 14.092 152 159 152 -0.015162 0.999660 -0.021226
-0.760 -0.670 14.045 160 162 151 -0.019243 0.999630 -0.019243
-0.770 -0.672 14.027 128 126 131 -0.015223 0.999612 -0.023341
-0.791 -0.671 14.089 141 141 129 -0.007006 0.999831 -0.017014
-0.769 -0.670 14.071 128 132 135 -0.013037 0.999802 -0.015042
-0.769 -0.672 14.040 96 104 67 -0.009025 0.999814 -0.017048
-0.814 -0.671 14.097 155 151 142 -0.005023 0.999672 -0.025117
-0.756 -0.672 14.075 126 125 121 -0.000999 0.999780 -0.020974
-0.750 -0.671 14.071 152 141 137 0.004975 0.999904 -0.012934
-0.805 -0.671 14.093 157 148 149 -0.002967 0.999936 -0.010880
-0.769 -0.671 14.084 124 124 116 0.006978 0.999864 -0.014953
-0.903 -0.671 14.106 156 151 145 -0.013063 0.999801 -0.015072
-0.885 -0.672 14.097 138 129 120 -0.008902 0.999948 0.004945
-0.890 -0.672 14.101 149 139 130 -0.006910 0.999972 0.002961
-0.885 -0.671 14.093 146 138 117 -0.004916 0.999984 0.002950
-0.899 -0.671 14.103 151 152 147 -0.004907 0.999987 -0.000981
-0.894 -0.671 14.102 139 143 129 -0.008867 0.999960 -0.000985
-0.890 -0.672 14.097 114 114 102 -0.006883 0.999976 -0.000983
-0.899 -0.671 14.106 152 150 138 -0.013063 0.999801 -0.015072
-0.903 -0.671 14.111 158 154 145 -0.010944 0.999900 -0.008954
-0.905 -0.671 14.111 145 144 139 -0.012985 0.999855 -0.010987
-0.906 -0.671 14.116 152 141 137 -0.010944 0.999900 -0.008954
-0.881 -0.671 14.094 145 140 144 -0.008902 0.999956 -0.002967
-0.879 -0.671 14.093 153 154 158 -0.010858 0.999941 -0.000987
-0.773 -0.670 14.079 127 131 117 -0.015192 0.999658 -0.021269
-0.831 -0.671 14.089 153 139 138 -0.002973 0.999936 -0.010901
-0.837 -0.670 14.084 149 135 126 -0.007047 0.999658 -0.025168
-0.841 -0.670 14.080 153 144 147 -0.006978 0.999892 -0.012960
-0.844 -0.670 14.084 133 128 124 -0.002961 0.999972 -0.006910
-0.776 -0.671 14.079 150 147 142 -0.003002 0.999775 -0.021016
-0.773 -0.671 14.076 126 133 117 -0.011031 0.999794 -0.017048
-0.783 -0.673 14.080 154 147 139 -0.000999 0.999736 -0.022971
-0.854 -0.671 14.080 108 85 79 -0.000978 0.999999 -0.000978
-0.857 -0.670 14.080 123 116 106 -0.004984 0.999876 -0.014953
-0.769 -0.670 14.075 121 117 118 -0.003008 0.999730 -0.023063
-0.773 -0.671 14.071 124 123 118 -0.002996 0.999815 -0.018978
-0.849 -0.671 14.083 129 128 124 -0.008972 0.999876 -0.012960
-0.845 -0.670 14.076 149 138 134 -0.004965 0.999928 -0.010923
-0.841 -0.670 14.084 131 129 130 -0.008884 0.999956 -0.002961
-0.854 -0.671 14.076 148 153 131 -0.011009 0.999855 -0.013011
-0.848 -0.671 14.079 144 145 139 -0.008990 0.999847 -0.014983
-0.845 -0.670 14.079 148 140 137 -0.004965 0.999928 -0.010923
-0.929 -0.671 14.123 127 125 113 -0.006910 0.999964 -0.004936
-0.984 -0.672 14.119 133 130 123 -0.010966 0.999880 -0.010966
-0.965 -0.672 14.120 145 147 142 -0.002950 0.999991 0.002950
-0.951 -0.672 14.123 120 131 117 -0.006910 0.999964 0.004936
-0.970 -0.672 14.119 149 146 139 -0.008902 0.999956 0.002967
-0.932 -0.672 14.119 120 106 93 -0.006883 0.999976 -0.000983
-0.929 -0.671 14.119 115 114 94 -0.006924 0.999952 -0.006924
-0.953 -0.672 14.127 111 103 84 -0.006910 0.999964 -0.004936
-0.920 -0.672 14.115 158 146 146 -0.008902 0.999948 -0.004945
-0.935 -0.672 14.119 144 134 124 -0.008884 0.999956 -0.002961
-0.980 -0.672 14.119 141 138 133 -0.010923 0.999916 -0.006951
-0.966 -0.672 14.124 124 130 116 -0.006910 0.999972 0.002961
-0.908 -0.672 14.111 151 150 132 -0.008972 0.999876 -0.012960
-0.970 -0.672 14.116 159 154 148 -0.011053 0.999757 -0.019091
-0.948 -0.672 14.119 140 136 151 -0.008937 0.999936 -0.006951
-0.925 -0.672 14.119 123 118 114 -0.011053 0.999793 -0.017082
-0.978 -0.672 14.118 153 144 147 -0.010944 0.999916 -0.006965
-0.939 -0.671 14.124 132 132 124 -0.006896 0.999976 -0.000985
-0.957 -0.671 14.119 143 140 135 -0.006910 0.999972 0.002961
-0.975 -0.672 14.115 147 150 133 -0.006924 0.999964 0.004945
-0.953 -0.672 14.124 118 126 111 -0.006937 0.999952 0.006937
-0.962 -0.673 14.123 129 135 125 -0.013089 0.999768 -0.017116
-0.939 -0.671 14.119 137 141 126 -0.004916 0.999987 -0.000983
-0.951 -0.671 14.119 117 131 116 -0.008902 0.999956 -0.002967
-0.935 -0.671 14.124 143 138 134 -0.006910 0.999964 -0.004936
-0.974 -0.672 14.119 150 147 142 -0.008919 0.999936 0.006937
-0.908 -0.672 14.115 149 150 144 -0.006896 0.999976 -0.000985
-0.916 -0.672 14.120 118 103 108 -0.010966 0.999880 -0.010966
-0.943 -0.672 14.123 135 136 122 -0.010966 0.999900 -0.008972
-0.925 -0.672 14.124 152 143 144 -0.008937 0.999936 -0.006951
-0.921 -0.671 14.119 141 131 121 -0.006951 0.999936 -0.008937
-0.947 -0.672 14.124 146 135 133 -0.011009 0.999855 -0.013011
-0.912 -0.672 14.114 153 149 146 -0.006910 0.999964 0.004936
-0.917 -0.671 14.115 139 139 131 -0.013193 0.999591 -0.025370
-0.957 -0.672 14.124 122 118 106 -0.011053 0.999793 -0.017082
-0.944 -0.672 14.119 131 133 132 -0.008937 0.999936 -0.006951
-0.961 -0.672 14.119 144 140 129 -0.008867 0.999960 -0.000985
-0.979 -0.672 14.115 157 148 143 -0.008902 0.999956 -0.002967
-0.932 -0.672 14.124 118 125 109 -0.002950 0.999991 0.002950
-0.970 -0.672 14.124 120 120 118 -0.008955 0.999920 -0.008955
