-2.044 -0.667 15.032 165 161 160 -0.037283 -0.990823 -0.129925
-2.039 -0.667 15.024 168 160 157 -0.041819 -0.991217 -0.125456
-2.044 -0.667 15.025 168 163 160 -0.051212 -0.991236 -0.121771
-2.044 -0.667 15.029 165 163 164 -0.041410 -0.992727 -0.113039
-2.039 -0.667 15.028 165 158 150 -0.025065 -0.994970 -0.096990
-2.048 -0.666 15.027 177 168 159 -0.038935 -0.993398 -0.107906
-2.035 -0.668 15.023 167 159 148 -0.036931 -0.992648 -0.115268
-2.057 -0.667 15.040 163 164 150 -0.034204 -0.994133 -0.102613
-2.085 -0.669 15.075 157 143 143 0.001040 -0.997710 -0.067624
-2.117 -0.669 15.078 155 152 147 -0.007602 -0.993695 -0.111859
-2.080 -0.669 15.077 156 148 145 -0.011931 -0.994606 -0.103040
-2.121 -0.669 15.084 152 149 140 -0.005408 -0.994000 -0.109243
-2.112 -0.671 15.095 157 153 150 -0.003238 -0.994035 -0.109009
-2.114 -0.672 15.094 159 155 152 0.003244 -0.993773 -0.111380
-2.061 -0.667 15.036 175 166 159 -0.011816 -0.995753 -0.091304
-2.086 -0.669 15.082 152 141 137 -0.009760 -0.994404 -0.105188
-2.074 -0.668 15.062 159 153 139 -0.020582 -0.995539 -0.092079
-2.108 -0.671 15.088 158 148 147 -0.003220 -0.995000 -0.099822
-2.051 -0.667 15.035 161 158 149 -0.023066 -0.994040 -0.106544
-2.151 -0.671 15.090 138 140 139 0.007765 -0.990617 -0.136446
-2.131 -0.670 15.083 153 150 143 0.003264 -0.993197 -0.116399
-2.125 -0.670 15.079 149 149 141 0.003219 -0.994785 -0.101947
-2.111 -0.671 15.091 161 152 153 0.003226 -0.994762 -0.102165
-2.068 -0.667 15.047 163 155 153 -0.013994 -0.995707 -0.091497
-2.148 -0.671 15.087 132 136 139 0.005564 -0.989301 -0.145780
-2.086 -0.668 15.064 152 151 147 -0.003159 -0.997037 -0.076857
-2.120 -0.671 15.093 150 147 138 0.005472 -0.992580 -0.121473
-2.102 -0.672 15.097 156 146 144 -0.012136 -0.991844 -0.126877
-2.107 -0.670 15.081 165 157 154 -0.007662 -0.992827 -0.119314
-2.135 -0.671 15.087 156 149 143 -0.001108 -0.989726 -0.142973
-2.089 -0.669 15.076 149 144 140 -0.014100 -0.994578 -0.103037
-2.108 -0.670 15.084 160 150 149 -0.012043 -0.993041 -0.117150
-2.092 -0.669 15.076 147 142 136 -0.011885 -0.995084 -0.098320
-2.049 -0.667 15.036 160 159 154 -0.030140 -0.992383 -0.119443
-2.147 -0.670 15.082 144 144 146 0.001106 -0.990081 -0.140492
-2.095 -0.671 15.090 158 151 145 -0.012023 -0.993570 -0.112583
-2.049 -0.667 15.033 163 159 156 -0.027624 -0.993369 -0.111602
-2.139 -0.669 15.080 146 147 139 0.001102 -0.990769 -0.135556
-2.104 -0.669 15.081 161 152 147 -0.023382 -0.992058 -0.123590
-2.096 -0.671 15.094 159 151 148 -0.003232 -0.994292 -0.106647
-2.072 -0.669 15.060 152 148 136 -0.034754 -0.992171 -0.119957
-2.092 -0.670 15.091 155 148 140 -0.014127 -0.994329 -0.105410
-2.121 -0.670 15.088 149 149 137 -0.003307 -0.991058 -0.133390
-2.075 -0.667 15.051 167 163 154 -0.025409 -0.993180 -0.113790
-2.141 -0.669 15.080 147 146 142 -0.001102 -0.990769 -0.135556
-2.112 -0.670 15.079 161 158 151 0.003195 -0.995888 -0.090535
-2.130 -0.671 15.091 151 147 136 0.003232 -0.994518 -0.104516
-2.104 -0.671 15.093 152 142 132 -0.009720 -0.994675 -0.102600
-2.088 -0.670 15.085 151 142 137 -0.003183 -0.996295 -0.085942
-2.098 -0.669 15.085 157 150 140 -0.011816 -0.995753 -0.091304
-2.059 -0.669 15.051 164 164 156 -0.020582 -0.995539 -0.092079
-2.056 -0.667 15.037 163 159 148 -0.018341 -0.995814 -0.089548
-2.117 -0.669 15.081 155 152 145 0.009552 -0.996609 -0.081724
-2.106 -0.669 15.077 173 166 160 0.001052 -0.996710 -0.081042
-2.117 -0.671 15.093 153 150 143 0.005398 -0.994258 -0.106875
-2.133 -0.671 15.091 151 148 141 0.007500 -0.995414 -0.095363
-2.072 -0.669 15.063 149 150 136 0.001036 0.998128 0.061152
-2.062 -0.667 15.042 161 162 148 -0.027308 -0.995100 -0.095031
-2.057 -0.668 15.047 163 165 154 -0.031937 -0.994453 -0.100216
-2.095 -0.669 15.072 158 154 145 -0.023291 -0.992660 -0.118676
-2.096 -0.669 15.086 146 142 133 -0.021395 -0.989813 -0.140758
-2.077 -0.669 15.068 154 148 136 -0.041573 -0.992145 -0.117979
-2.079 -0.668 15.064 159 146 140 -0.053693 -0.990473 -0.126808
-2.117 -0.671 15.090 153 149 140 -0.012113 -0.992154 -0.124432
-2.097 -0.670 15.093 158 148 146 -0.023427 -0.991746 -0.126060
-2.071 -0.668 15.056 161 150 146 -0.027685 -0.993340 -0.111848
-2.126 -0.670 15.084 153 149 140 -0.001104 -0.990429 -0.138020
-2.080 -0.669 15.073 160 151 144 0.011701 0.996744 0.079782
-2.059 -0.668 15.040 162 160 147 -0.048722 -0.991427 -0.121237
-2.089 -0.671 15.088 152 145 135 0.014100 0.994578 0.103037
-2.101 -0.670 15.085 164 155 148 -0.005441 -0.993437 -0.114251
-2.120 -0.670 15.081 155 152 145 0.001075 -0.994321 -0.106419
-2.098 -0.669 15.082 158 154 143 0.003244 -0.993773 -0.111380
-2.076 -0.668 15.057 161 148 142 -0.039396 -0.991663 -0.122692
-2.110 -0.670 15.084 162 152 150 -0.003245 -0.994010 -0.109244
-2.116 -0.670 15.086 153 149 140 -0.003244 -0.993773 -0.111380
-2.098 -0.669 15.075 162 158 147 -0.009666 -0.995578 -0.093436
-2.066 -0.669 15.058 145 148 141 -0.032126 -0.993691 -0.107456
-2.156 -0.670 15.089 152 141 135 0.010063 -0.989493 -0.144231
-2.066 -0.669 15.054 152 152 142 -0.031805 -0.994717 -0.097607
-2.089 -0.669 15.073 150 140 138 -0.011745 -0.996184 -0.086485
-2.134 -0.670 15.083 162 155 149 0.009851 -0.992808 -0.119312
-2.103 -0.669 15.078 171 164 158 0.001069 -0.995256 -0.097281
-2.144 -0.671 15.089 138 137 133 0.005503 -0.991659 -0.128773
-2.109 -0.671 15.095 158 149 142 -0.003226 -0.994541 -0.104292
-2.138 -0.671 15.086 154 145 140 0.001108 -0.989726 -0.142973
-2.099 -0.671 15.098 159 151 149 -0.007529 -0.994956 -0.100033
-2.089 -0.669 15.067 147 146 141 -0.016276 -0.994980 -0.098739
-2.103 -0.670 15.088 158 148 139 -0.005441 -0.993437 -0.114251
-2.052 -0.668 15.042 165 165 155 -0.016307 -0.994742 -0.101105
-2.062 -0.667 15.045 165 163 150 -0.029840 -0.993549 -0.109412
-2.077 -0.669 15.071 155 151 140 -0.007544 -0.994717 -0.102381
-2.094 -0.670 15.087 149 144 138 -0.005387 -0.994509 -0.104515
-2.075 -0.669 15.068 157 153 141 0.020623 0.995318 0.094430
-2.155 -0.672 15.093 148 147 143 0.010006 -0.990556 -0.136743
-2.080 -0.669 15.068 161 148 140 -0.025664 -0.991968 -0.123857
-2.107 -0.672 15.099 159 151 138 -0.012020 -0.993323 -0.114740
-2.124 -0.671 15.088 149 147 135 0.001083 -0.993508 -0.113760
-2.053 -0.667 15.031 173 162 156 0.025163 0.994492 0.101747
-2.093 -0.669 15.080 146 143 136 -0.014130 -0.994554 -0.103260
-2.069 -0.667 15.049 168 157 161 -0.038858 -0.993663 -0.105473
-2.081 -0.668 15.059 165 152 143 -0.036496 -0.994253 -0.100642
-2.085 -0.668 15.069 160 146 145 -0.020538 -0.995558 -0.091881
-2.063 -0.668 15.048 161 161 149 -0.022931 -0.994786 -0.099369
-2.088 -0.670 15.081 155 145 143 -0.007529 -0.994956 -0.100033
-2.099 -0.670 15.089 149 140 131 -0.007575 -0.994447 -0.104963
-2.149 -0.672 15.091 141 145 144 0.009833 -0.993095 -0.116899
-2.064 -0.668 15.055 150 152 147 -0.048722 -0.991427 -0.121237
-2.094 -0.671 15.099 161 152 147 -0.007692 -0.992232 -0.124166
-2.085 -0.669 15.072 162 146 146 -0.011859 -0.995105 -0.098109
-2.129 -0.670 15.087 154 150 141 0.005409 -0.994233 -0.107105
-2.068 -0.667 15.050 163 151 151 -0.029549 -0.994806 -0.097401
-2.142 -0.670 15.084 135 136 131 0.003300 -0.991097 -0.133100
-2.138 -0.672 15.090 159 145 142 -0.003288 -0.991741 -0.128214
-2.075 -0.667 15.054 161 152 147 -0.039165 -0.992563 -0.115258
-2.226 -0.671 15.084 165 155 154 0.010116 -0.988020 -0.153992
-2.213 -0.671 15.090 160 151 146 0.009987 -0.990895 -0.134265
-2.209 -0.671 15.087 158 150 147 0.007809 -0.989559 -0.143916
-2.193 -0.671 15.089 144 143 141 0.005554 -0.989666 -0.143285
-2.171 -0.671 15.093 154 151 144 0.007780 -0.990272 -0.138927
-2.201 -0.671 15.088 150 146 135 0.010021 -0.989900 -0.141414
-2.190 -0.671 15.093 157 148 153 0.007809 -0.989559 -0.143916
-2.200 -0.670 15.081 157 154 149 0.014539 -0.989755 -0.142033
-2.223 -0.671 15.082 165 155 153 0.009627 -0.995812 -0.090917
-2.206 -0.671 15.084 155 150 147 0.005214 -0.997961 -0.063611
-2.218 -0.671 15.089 146 143 134 0.012186 -0.991490 -0.129614
-2.184 -0.671 15.087 160 153 145 0.007414 -0.996641 -0.081553
-2.201 -0.671 15.085 151 147 138 -0.007633 0.993394 0.114497
-2.223 -0.671 15.085 159 149 150 0.007765 -0.990617 -0.136446
-2.168 -0.671 15.090 156 150 150 0.003165 -0.996860 -0.079116
-2.192 -0.671 15.082 159 154 150 0.007631 -0.993144 -0.116648
-2.188 -0.671 15.093 164 156 153 0.005554 -0.989666 -0.143285
-2.197 -0.671 15.081 160 153 147 0.007736 -0.991285 -0.131508
-2.187 -0.670 15.087 159 149 150 0.007748 -0.990658 -0.136146
-2.207 -0.671 15.090 157 153 144 0.012279 -0.990141 -0.139535
-2.196 -0.671 15.089 142 143 138 0.014433 -0.991423 -0.129895
-2.165 -0.671 15.090 155 150 146 0.009984 -0.990598 -0.136443
-2.210 -0.671 15.090 162 155 149 0.012349 -0.989050 -0.147066
-2.206 -0.670 15.080 156 153 146 0.007795 -0.989919 -0.141417
-2.173 -0.671 15.089 169 154 147 0.009968 -0.991227 -0.131794
-2.237 -0.670 15.082 136 128 126 0.007777 -0.989964 -0.141106
-2.187 -0.671 15.090 157 147 148 0.010003 -0.990252 -0.138924
-2.217 -0.671 15.082 154 149 146 0.007734 -0.990994 -0.133679
-2.215 -0.671 15.086 144 144 132 0.007795 -0.989919 -0.141417
-2.228 -0.670 15.080 165 155 146 0.009911 -0.992178 -0.124435
-2.185 -0.671 15.091 157 155 143 0.007587 -0.993960 -0.109477
-2.198 -0.670 15.085 154 147 139 -0.005441 0.993437 0.114251
-2.218 -0.671 15.086 142 139 134 0.007898 -0.987233 -0.159086
-2.221 -0.671 15.085 157 147 148 0.010192 -0.986373 -0.164207
-2.244 -0.671 15.079 165 154 150 0.010097 -0.988412 -0.151459
-2.224 -0.671 15.088 163 152 156 0.012485 -0.986286 -0.164570
-2.162 -0.670 15.091 153 146 136 0.007942 -0.985961 -0.166785
-2.171 -0.671 15.089 170 159 153 0.012676 -0.982988 -0.183230
-2.231 -0.670 15.079 158 151 143 0.007502 -0.995616 -0.093238
-2.193 -0.670 15.086 147 146 144 0.005576 -0.989254 -0.146102
-2.179 -0.671 15.088 161 159 146 0.010249 -0.985051 -0.171957
-2.208 -0.670 15.079 161 159 146 0.010006 -0.990556 -0.136743
-2.241 -0.670 15.079 153 148 144 0.012322 -0.989098 -0.146741
-2.233 -0.670 15.078 152 142 140 0.012113 -0.992154 -0.124432
-2.232 -0.671 15.084 158 144 141 0.009645 -0.995597 -0.093237
-2.214 -0.671 15.079 156 153 148 0.009854 -0.993065 -0.117153
-2.259 -0.670 15.078 166 163 158 0.009892 -0.992481 -0.121999
