-1.303 -0.680 15.759 158 155 138 -0.011768 0.995981 -0.088793
-1.296 -0.680 15.759 160 160 152 -0.001043 0.997701 -0.067764
-1.297 -0.680 15.764 165 158 152 -0.009552 0.996609 -0.081724
-1.304 -0.679 15.760 160 157 142 0.003128 0.997696 -0.067764
-1.293 -0.679 15.759 159 155 152 -0.009517 0.997132 -0.075076
-1.302 -0.680 15.767 160 156 144 -0.011656 0.997098 -0.075233
-1.293 -0.679 15.763 153 148 145 -0.007428 0.996452 -0.083834
-1.306 -0.680 15.763 162 158 147 -0.011908 0.994848 -0.100676
-1.306 -0.679 15.767 157 155 143 -0.013831 0.996884 -0.077665
-1.297 -0.679 15.767 155 146 147 -0.013964 0.995725 -0.091302
-1.303 -0.680 15.763 160 157 140 -0.007430 0.996627 -0.081726
-1.259 -0.680 15.753 174 166 163 -0.016181 0.995656 -0.091691
-1.286 -0.679 15.758 159 152 134 -0.013883 0.996338 -0.084363
-1.281 -0.679 15.758 162 159 152 -0.023061 0.993805 -0.108715
-1.271 -0.680 15.751 172 166 152 -0.005245 0.997514 -0.070277
-1.267 -0.680 15.758 174 165 158 0.001034 0.998260 -0.058965
-1.280 -0.680 15.753 168 172 158 -0.009552 0.996609 -0.081724
-1.253 -0.680 15.754 170 166 157 0.003073 0.998835 -0.048149
-1.285 -0.680 15.754 163 162 142 -0.003152 0.997208 -0.074607
-1.245 -0.680 15.753 162 163 145 -0.003122 0.997978 -0.063479
-1.271 -0.680 15.755 172 166 154 -0.011722 0.996381 -0.084186
-1.241 -0.680 15.753 176 161 156 -0.009478 0.997311 -0.072666
-1.275 -0.680 15.755 166 165 160 -0.013937 0.995936 -0.088980
-1.263 -0.680 15.753 172 168 157 -0.020422 0.996360 -0.082761
-1.293 -0.680 15.751 173 170 161 -0.013829 0.996717 -0.079780
-1.280 -0.679 15.760 172 168 165 -0.005264 0.997028 -0.076856
-1.277 -0.680 15.753 164 159 156 -0.014076 0.995035 -0.098529
-1.275 -0.679 15.759 165 164 159 0.001036 0.997999 -0.063217
-1.289 -0.679 15.762 160 151 136 0.003038 0.999367 -0.035439
-1.293 -0.680 15.756 167 167 159 -0.011520 0.998023 -0.061787
-1.289 -0.680 15.755 167 160 152 -0.009517 0.997132 -0.075076
-1.266 -0.680 15.753 176 169 159 -0.011701 0.996744 -0.079782
-1.251 -0.680 15.752 172 168 159 -0.011701 0.996744 -0.079782
-1.235 -0.680 15.755 165 160 154 -0.003098 0.998497 -0.054726
-1.290 -0.679 15.759 162 153 146 0.005153 0.998711 -0.050502
-1.250 -0.680 15.755 171 162 155 -0.007358 0.997490 -0.070423
-1.281 -0.679 15.761 168 163 160 -0.007300 0.997948 -0.063610
-1.271 -0.680 15.759 167 160 152 -0.003103 0.998255 -0.058964
-1.263 -0.679 15.758 168 164 152 -0.009313 0.998563 -0.052774
-1.286 -0.678 15.762 154 145 130 -0.001036 0.998128 -0.061152
-1.370 -0.678 15.811 176 173 154 -0.019708 0.998901 -0.042528
-1.431 -0.677 15.834 166 146 147 -0.009222 0.999075 -0.042012
-1.348 -0.677 15.794 153 152 150 -0.015619 0.998575 -0.051022
-1.458 -0.679 15.821 162 155 145 -0.022089 0.998200 -0.055748
-1.316 -0.679 15.771 167 158 153 -0.015989 0.996671 -0.079947
-1.417 -0.678 15.824 150 139 135 -0.031498 0.995999 -0.083633
-1.388 -0.677 15.815 172 159 153 -0.036569 0.994003 -0.103057
-1.449 -0.678 15.824 155 162 146 -0.017914 0.997905 -0.062171
-1.321 -0.679 15.780 155 158 139 -0.027409 0.994411 -0.101963
-1.395 -0.679 15.807 175 168 160 -0.017843 0.998173 -0.057728
-1.321 -0.679 15.784 156 153 144 -0.013750 0.997391 -0.070864
-1.394 -0.678 15.802 179 168 162 -0.007061 0.999604 -0.027234
-1.377 -0.678 15.811 166 163 156 -0.002967 0.999936 -0.010880
-1.410 -0.678 15.821 161 157 148 -0.005103 0.999111 -0.041842
-1.414 -0.677 15.825 150 139 133 -0.009205 0.999241 -0.037842
-1.449 -0.678 15.828 159 165 150 -0.003056 0.999206 -0.039724
-1.454 -0.678 15.826 169 162 154 -0.013562 0.998378 -0.055292
-1.444 -0.678 15.825 158 161 150 -0.036713 0.993482 -0.107915
-1.348 -0.677 15.790 158 158 158 -0.013324 0.999268 -0.035871
-1.329 -0.679 15.773 156 157 152 -0.020663 0.995090 -0.096790
-1.409 -0.679 15.812 174 161 152 -0.013616 0.998124 -0.059699
-1.366 -0.679 15.793 159 160 154 -0.019551 0.999160 -0.036015
-1.426 -0.678 15.819 174 161 153 -0.040931 0.994516 -0.096243
-1.346 -0.679 15.777 160 165 158 -0.015648 0.998348 -0.055290
-1.417 -0.676 15.830 155 148 140 -0.020102 0.997713 -0.064539
-1.413 -0.677 15.820 149 140 131 -0.026454 0.997829 -0.060314
-1.328 -0.678 15.776 160 157 152 -0.024825 0.996231 -0.083109
-1.309 -0.680 15.770 156 152 143 -0.020382 0.996550 -0.080453
-1.315 -0.678 15.785 149 139 137 -0.018091 0.997136 -0.073428
-1.325 -0.679 15.780 151 161 150 -0.022217 0.997668 -0.064536
-1.324 -0.678 15.788 166 158 155 -0.009295 0.998676 -0.050605
-1.366 -0.679 15.802 153 158 151 -0.007075 0.999603 -0.027289
-1.334 -0.679 15.775 165 167 154 -0.015834 0.997518 -0.068612
-1.381 -0.679 15.812 170 167 152 -0.009169 0.999393 -0.033619
-1.346 -0.678 15.780 156 161 154 -0.005143 0.998817 -0.048346
-1.365 -0.678 15.799 157 160 151 -0.017666 0.998650 -0.048841
-1.427 -0.677 15.833 164 155 148 -0.031623 0.995589 -0.088327
-1.360 -0.679 15.781 166 161 157 -0.009205 0.999241 -0.037842
-1.355 -0.677 15.789 153 161 137 -0.022174 0.997811 -0.062297
-1.363 -0.679 15.801 157 154 145 -0.024146 0.998384 -0.051441
-1.356 -0.679 15.779 172 164 161 -0.009079 0.999690 -0.023202
-1.405 -0.679 15.815 174 165 160 -0.022261 0.997519 -0.066784
-1.351 -0.678 15.785 164 164 154 -0.001012 0.999298 -0.037461
-1.314 -0.679 15.780 157 151 139 -0.011565 0.997737 -0.066235
-1.423 -0.679 15.821 172 162 161 -0.013535 0.998497 -0.053100
-1.360 -0.677 15.797 162 159 142 -0.009115 0.999584 -0.027344
-1.361 -0.678 15.789 166 164 152 -0.017701 0.998541 -0.051020
-1.400 -0.678 15.806 170 169 151 -0.013509 0.998611 -0.050918
-1.419 -0.678 15.815 161 157 146 -0.015712 0.998216 -0.057610
-1.370 -0.678 15.807 162 162 150 -0.022220 0.997802 -0.062429
-1.350 -0.679 15.781 161 157 156 -0.027040 0.996159 -0.083284
-1.369 -0.679 15.792 163 156 150 -0.022133 0.998073 -0.057966
-1.378 -0.679 15.808 170 166 155 -0.024484 0.997448 -0.067064
-1.320 -0.679 15.775 172 154 152 -0.018266 0.996038 -0.087032
-1.310 -0.679 15.764 166 157 152 -0.001049 0.997224 -0.074451
-1.343 -0.679 15.776 162 163 157 -0.020222 0.997249 -0.071308
-1.444 -0.678 15.830 163 160 155 -0.017876 0.997913 -0.062041
-1.332 -0.678 15.789 169 158 156 -0.020258 0.996925 -0.075702
-1.337 -0.678 15.781 167 169 155 -0.009258 0.998885 -0.046292
-1.400 -0.678 15.810 178 166 166 -0.013507 0.998504 -0.052990
-1.316 -0.679 15.775 163 159 158 -0.011724 0.996558 -0.082069
-1.366 -0.678 15.797 147 154 147 -0.022264 0.997658 -0.064673
-1.340 -0.677 15.786 160 156 144 -0.018377 0.995600 -0.091885
-1.373 -0.678 15.810 171 169 156 -0.055670 0.991834 -0.114748
-1.446 -0.678 15.828 158 159 151 -0.007244 0.998580 -0.052775
-1.347 -0.678 15.785 160 162 157 -0.022349 0.997204 -0.071305
-1.432 -0.677 15.830 163 147 147 -0.019942 0.998133 -0.057726
-1.333 -0.679 15.777 166 162 153 -0.018445 0.994943 -0.098735
-1.360 -0.677 15.792 159 160 142 -0.019865 0.998489 -0.051231
-1.311 -0.679 15.773 166 153 145 -0.018305 0.996021 -0.087219
-1.430 -0.677 15.824 164 153 149 -0.024630 0.996962 -0.073889
-1.425 -0.677 15.831 164 153 147 -0.024339 0.997882 -0.060317
-1.417 -0.678 15.821 159 149 137 -0.011361 0.998756 -0.048543
-1.352 -0.677 15.790 152 161 144 -0.019944 0.998252 -0.055633
-1.337 -0.678 15.786 158 159 143 -0.011475 0.998287 -0.057373
-1.390 -0.679 15.806 168 165 160 -0.017876 0.997913 -0.062041
-1.307 -0.679 15.772 157 159 146 0.001036 0.997999 -0.063217
-1.333 -0.678 15.785 166 159 151 -0.015774 0.997949 -0.062043
-1.405 -0.679 15.811 177 164 148 -0.017876 0.997913 -0.062041
-1.339 -0.679 15.780 162 164 151 -0.013454 0.998726 -0.048643
-1.394 -0.678 15.811 173 170 163 -0.031686 0.995375 -0.090687
-1.436 -0.677 15.832 172 157 150 -0.015679 0.998223 -0.057489
-1.414 -0.678 15.813 158 163 157 -0.011229 0.999369 -0.033687
-1.351 -0.678 15.793 157 164 157 -0.007215 0.998698 -0.050502
-1.405 -0.679 15.807 171 161 151 -0.015679 0.998223 -0.057489
-1.413 -0.676 15.828 160 149 147 -0.009296 0.998778 -0.048545
-1.413 -0.678 15.816 161 164 153 -0.009168 0.999322 -0.035654
-1.437 -0.678 15.824 175 166 159 -0.013429 0.998923 -0.044420
-1.424 -0.678 15.817 171 157 157 -0.015373 0.999238 -0.035870
-1.387 -0.679 15.811 182 166 166 -0.013271 0.999411 -0.031646
-1.329 -0.678 15.781 165 157 146 -0.017985 0.997614 -0.066649
-1.333 -0.679 15.781 160 156 147 -0.003049 0.999209 -0.039643
-1.401 -0.678 15.815 171 164 154 -0.027088 0.995773 -0.087767
-1.344 -0.678 15.789 162 154 143 -0.011565 0.997737 -0.066235
-1.342 -0.679 15.780 165 168 159 -0.020582 0.995539 -0.092079
-1.336 -0.677 15.789 155 156 142 -0.025114 0.994734 -0.099364
-1.387 -0.679 15.807 171 161 160 -0.011430 0.998530 -0.052992
-1.440 -0.678 15.828 174 167 159 -0.009205 0.999241 -0.037842
-1.355 -0.678 15.785 157 160 141 -0.007130 0.999264 -0.037689
-1.422 -0.678 15.822 159 159 151 -0.031368 0.996210 -0.081125
-1.427 -0.678 15.825 168 155 146 -0.015681 0.998341 -0.055405
-1.325 -0.678 15.784 165 156 147 -0.022792 0.995271 -0.094426
-1.409 -0.678 15.815 166 159 141 -0.007215 0.998800 -0.048445
-1.374 -0.678 15.815 166 166 156 -0.035915 0.995835 -0.083803
-1.383 -0.679 15.806 175 158 151 -0.011119 0.999668 -0.023248
-1.408 -0.679 15.806 173 160 154 -0.018159 0.996620 -0.080114
-1.409 -0.677 15.824 160 148 148 0.000993 0.999889 -0.014894
-1.355 -0.677 15.794 153 165 145 -0.031187 0.996913 -0.072053
-1.424 -0.676 15.833 161 145 145 -0.029091 0.996645 -0.076499
-1.391 -0.678 15.815 176 164 166 -0.017843 0.998173 -0.057728
-1.369 -0.679 15.801 153 154 156 -0.033269 0.997009 -0.069758
-1.365 -0.678 15.795 157 163 153 -0.030568 0.998197 -0.051649
-1.416 -0.678 15.816 160 158 143 -0.013535 0.998497 -0.053100
-1.436 -0.677 15.828 172 161 155 -0.022349 0.997204 -0.071305
-1.325 -0.679 15.772 150 149 145 -0.022308 0.997509 -0.066925
-1.328 -0.677 15.788 162 161 141 -0.015774 0.997949 -0.062043
-1.340 -0.677 15.790 160 154 142 -0.022305 0.997365 -0.069040
-1.343 -0.678 15.784 156 156 144 -0.029259 0.995899 -0.085610
-1.391 -0.679 15.812 174 165 166 -0.029149 0.996463 -0.078810
-1.339 -0.680 15.776 167 164 155 -0.029439 0.995462 -0.090497
-1.321 -0.680 15.771 175 160 157 -0.024972 0.995618 -0.090116
-1.329 -0.678 15.785 165 156 141 -0.029497 0.995242 -0.092860
-1.423 -0.678 15.828 158 153 147 -0.026880 0.996719 -0.076340
-1.401 -0.679 15.801 167 165 152 -0.018127 0.996965 -0.075705
-1.440 -0.678 15.824 168 159 152 -0.017985 0.997614 -0.066649
-1.366 -0.678 15.806 168 168 160 -0.015588 0.998685 -0.048843
-1.389 -0.679 15.804 162 161 156 -0.015774 0.997949 -0.062043
-1.431 -0.678 15.821 170 161 152 -0.027362 0.994868 -0.097407
-1.373 -0.679 15.802 165 154 152 -0.017668 0.998750 -0.046768
-1.311 -0.678 15.776 157 151 135 -0.016339 0.994497 -0.103480
-1.454 -0.678 15.821 167 163 152 -0.015373 0.999238 -0.035870
-1.311 -0.678 15.780 160 159 139 -0.023285 0.992396 -0.120862
-1.310 -0.679 15.767 173 157 157 -0.011862 0.995313 -0.095973
-1.364 -0.678 15.785 167 163 151 -0.017701 0.998541 -0.051020
-1.421 -0.677 15.825 153 153 145 -0.032000 0.994206 -0.102621
-1.360 -0.678 15.784 166 163 158 -0.022042 0.998208 -0.055631
-1.371 -0.678 15.798 164 159 163 -0.026510 0.997820 -0.060442
-1.325 -0.679 15.776 149 152 145 -0.022971 0.994321 -0.103917
-1.405 -0.677 15.820 165 163 148 -0.024972 0.995618 -0.090116
-1.364 -0.678 15.789 166 166 156 -0.022086 0.998081 -0.057845
-1.316 -0.679 15.766 171 164 154 -0.011609 0.997278 -0.072817
-1.373 -0.679 15.798 170 159 153 -0.021871 0.998757 -0.044783
-1.373 -0.679 15.807 165 158 152 -0.031187 0.996913 -0.072053
-1.360 -0.678 15.801 165 157 144 -0.017389 0.999346 -0.031709
-1.317 -0.678 15.783 163 154 149 -0.022526 0.996504 -0.080450
-1.423 -0.678 15.824 161 158 151 -0.013507 0.998504 -0.052990
-1.427 -0.677 15.828 161 151 141 -0.022574 0.996489 -0.080622
