-1.691 -0.678 15.838 163 161 146 -0.005377 0.994753 -0.102164
-1.687 -0.678 15.837 154 163 142 -0.009814 0.993375 -0.114494
-1.684 -0.676 15.845 156 153 146 -0.001026 0.998629 -0.052343
-1.748 -0.678 15.834 158 159 145 -0.001018 0.999127 -0.041758
-1.751 -0.678 15.834 170 162 160 0.001011 0.999443 -0.033348
-1.771 -0.677 15.837 172 159 153 -0.001001 0.999686 -0.025017
-1.709 -0.678 15.834 168 163 157 -0.001057 0.996331 -0.085581
-1.718 -0.677 15.833 159 160 144 -0.003103 0.998255 -0.058964
-1.695 -0.678 15.838 170 160 148 -0.003116 0.998116 -0.061279
-1.695 -0.678 15.834 168 154 143 -0.009497 0.997145 -0.074918
-1.688 -0.678 15.833 162 161 143 -0.007502 0.995616 -0.093238
-1.676 -0.676 15.839 151 153 150 -0.003128 0.997835 -0.065688
-1.698 -0.676 15.842 152 153 137 -0.003128 0.997835 -0.065688
-1.726 -0.677 15.839 176 174 149 -0.007573 0.994219 -0.107103
-1.768 -0.678 15.837 161 161 149 -0.003008 0.999681 -0.025067
-1.685 -0.677 15.843 149 153 138 -0.007516 0.995395 -0.095566
-1.762 -0.677 15.842 165 157 144 -0.005024 0.999720 -0.023109
-1.761 -0.677 15.837 169 163 151 0.004945 0.999964 -0.006924
-1.765 -0.676 15.843 156 158 145 0.004926 0.999984 -0.002956
-1.675 -0.676 15.842 162 163 157 -0.003177 0.996489 -0.083659
-1.735 -0.678 15.830 164 158 158 -0.005336 0.995666 -0.092843
-1.683 -0.678 15.837 162 158 147 -0.003189 0.996095 -0.088235
-1.764 -0.677 15.838 163 165 154 0.003014 0.999627 -0.027126
-1.740 -0.677 15.836 161 158 139 -0.005254 0.997199 -0.074606
-1.708 -0.677 15.841 173 164 157 -0.003245 0.994010 -0.109244
-1.738 -0.677 15.837 169 163 149 -0.003073 0.998835 -0.048149
-1.762 -0.678 15.834 172 163 156 0.001005 0.999575 -0.029133
-1.725 -0.677 15.834 170 162 149 -0.001016 0.999213 -0.039643
-1.734 -0.677 15.834 169 163 163 0.001022 0.998940 -0.046011
-1.731 -0.677 15.833 163 158 154 -0.003182 0.996111 -0.088048
-1.667 -0.678 15.820 161 150 144 -0.003189 0.996095 -0.088235
-1.681 -0.676 15.842 147 144 139 -0.003195 0.995694 -0.092647
-1.717 -0.677 15.836 156 159 140 -0.001047 0.997389 -0.072214
-1.672 -0.677 15.838 180 176 167 -0.007342 0.997501 -0.070276
-1.679 -0.679 15.828 173 155 143 -0.001026 0.998629 -0.052343
-1.671 -0.677 15.834 173 164 157 -0.005203 0.997970 -0.063479
-1.698 -0.678 15.834 168 158 146 -0.009386 0.998061 -0.061531
-1.688 -0.676 15.846 149 150 142 0.002985 0.999884 -0.014924
-1.667 -0.678 15.825 163 155 142 -0.007648 0.993114 -0.116901
-1.705 -0.677 15.837 168 158 146 0.001016 0.999131 -0.041673
-1.702 -0.677 15.842 147 154 136 -0.003189 0.995906 -0.090344
-1.681 -0.676 15.845 157 153 150 -0.001052 0.996710 -0.081042
-1.733 -0.679 15.829 162 157 154 -0.005305 0.996286 -0.085942
-1.740 -0.677 15.833 163 164 148 -0.001028 0.998513 -0.054502
-1.690 -0.678 15.841 156 157 141 -0.001047 0.997389 -0.072214
-1.751 -0.678 15.838 170 163 157 -0.001010 0.999374 -0.035367
-1.744 -0.678 15.834 163 164 148 -0.001032 0.998267 -0.058843
-1.757 -0.678 15.837 164 159 153 -0.005113 0.999108 -0.041928
-1.699 -0.677 15.839 157 155 140 -0.005265 0.997187 -0.074763
-1.714 -0.678 15.833 159 155 144 -0.001036 0.997999 -0.063217
-1.709 -0.678 15.831 166 154 154 -0.001041 0.997849 -0.065552
-1.721 -0.677 15.837 163 159 156 -0.005173 0.998366 -0.056902
-1.670 -0.678 15.825 166 155 151 -0.005285 0.996669 -0.081382
-1.712 -0.677 15.834 159 148 144 -0.005285 0.996838 -0.079282
-1.708 -0.677 15.837 164 157 149 -0.003079 0.998730 -0.050296
-1.668 -0.678 15.833 171 165 151 -0.005213 0.997827 -0.065688
-1.712 -0.677 15.837 158 155 146 -0.007400 0.996825 -0.079281
-1.683 -0.678 15.833 170 164 152 -0.009628 0.996003 -0.088795
-1.677 -0.678 15.834 162 155 145 -0.011839 0.995536 -0.093634
-1.666 -0.678 15.828 158 157 139 -0.011859 0.995105 -0.098109
-1.680 -0.679 15.833 170 153 143 -0.005274 0.996852 -0.079115
-1.676 -0.678 15.828 164 152 136 -0.009497 0.997145 -0.074918
-1.686 -0.677 15.840 152 161 140 -0.005163 0.998488 -0.054726
-1.679 -0.679 15.824 164 155 140 -0.007385 0.997002 -0.077017
-1.683 -0.678 15.828 166 158 145 -0.005347 0.995648 -0.093041
-1.747 -0.677 15.837 162 159 154 -0.001030 0.998507 -0.054614
-1.672 -0.678 15.818 162 159 144 -0.001067 0.995277 -0.097074
-1.694 -0.677 15.842 161 155 143 -0.003182 0.996111 -0.088048
-1.689 -0.677 15.843 145 147 134 -0.001032 0.998267 -0.058843
-1.676 -0.678 15.823 165 154 134 -0.001055 0.996696 -0.081212
-1.670 -0.678 15.829 160 147 139 -0.003202 0.995675 -0.092844
-1.734 -0.677 15.837 169 164 158 -0.003164 0.996692 -0.081212
-1.772 -0.677 15.842 159 158 153 -0.003026 0.999507 -0.031266
-1.768 -0.677 15.841 151 159 144 0.000987 0.999960 -0.008884
-1.680 -0.677 15.837 160 153 147 -0.005451 0.993158 -0.116650
-1.704 -0.678 15.832 168 160 149 -0.003152 0.997050 -0.076696
-1.721 -0.678 15.834 165 160 156 -0.003110 0.998248 -0.059086
-1.877 -0.677 15.902 175 175 163 -0.001042 0.997558 -0.069839
-1.823 -0.677 15.894 162 153 154 -0.009205 0.999241 -0.037842
-1.791 -0.677 15.854 155 147 134 -0.021739 0.998948 -0.040372
-1.890 -0.676 15.898 171 167 155 0.005460 0.992612 -0.121210
-1.823 -0.678 15.891 166 159 151 -0.017843 0.998173 -0.057728
-1.848 -0.675 15.913 170 164 148 -0.005173 0.998482 -0.054839
-1.864 -0.676 15.910 166 169 162 -0.003201 0.995476 -0.094960
-1.932 -0.676 15.894 175 169 157 0.007675 0.992266 -0.123896
-1.858 -0.676 15.912 175 178 163 -0.009515 0.996972 -0.077178
-1.849 -0.676 15.905 172 158 155 -0.013616 0.998124 -0.059699
-1.962 -0.677 15.880 172 161 155 0.007662 0.992827 -0.119314
-1.775 -0.678 15.838 161 158 151 -0.007131 0.999339 -0.035654
-1.774 -0.677 15.841 155 151 142 -0.009169 0.999393 -0.033619
-1.872 -0.675 15.908 163 168 148 -0.005275 0.997016 -0.077018
-1.934 -0.676 15.893 168 166 153 0.005275 0.997016 -0.077018
-1.927 -0.677 15.885 167 167 155 0.005327 0.996069 -0.088421
-1.794 -0.677 15.849 155 149 137 -0.013297 0.999342 -0.033755
-1.845 -0.675 15.909 176 170 156 -0.005163 0.998488 -0.054726
-1.890 -0.676 15.902 168 165 148 0.007618 0.993668 -0.112101
-1.787 -0.678 15.841 171 168 159 -0.009133 0.999525 -0.029428
-1.815 -0.677 15.880 179 172 156 -0.015466 0.999072 -0.040210
-1.814 -0.676 15.895 163 159 156 -0.019669 0.998991 -0.040374
-1.799 -0.677 15.863 169 159 157 -0.044191 0.996997 -0.063592
-1.817 -0.677 15.883 174 173 155 -0.041781 0.997388 -0.058922
-1.784 -0.677 15.846 163 158 152 -0.000999 0.999736 -0.022971
-1.918 -0.676 15.898 165 161 152 0.007690 0.991959 -0.126329
-1.833 -0.676 15.903 159 150 143 -0.015619 0.998575 -0.051022
-1.797 -0.678 15.845 181 166 159 -0.026143 0.998646 -0.044965
-1.849 -0.675 15.909 176 167 160 -0.007158 0.999095 -0.041927
-1.860 -0.676 15.902 177 167 162 -0.007243 0.998469 -0.054838
-1.798 -0.678 15.850 165 156 151 -0.034996 0.997923 -0.054085
-1.818 -0.676 15.896 165 159 161 -0.024146 0.998384 -0.051441
-1.898 -0.676 15.903 169 164 158 0.007604 0.993934 -0.109713
-1.828 -0.676 15.909 165 155 145 -0.015557 0.998789 -0.046672
-1.815 -0.675 15.904 162 158 146 -0.015464 0.998987 -0.042269
-1.921 -0.676 15.894 169 166 157 0.007472 0.995848 -0.090726
-1.832 -0.677 15.898 173 162 158 -0.013428 0.998829 -0.046481
-1.907 -0.676 15.898 171 166 144 0.005337 0.995862 -0.090727
-1.965 -0.678 15.879 175 161 161 0.003182 0.996111 -0.088048
-1.780 -0.677 15.848 167 156 152 0.001003 0.999633 -0.027071
-1.829 -0.676 15.902 164 160 157 -0.011588 0.997586 -0.068472
-1.792 -0.677 15.850 147 144 129 -0.013350 0.999189 -0.037996
-1.840 -0.676 15.903 170 166 155 -0.013614 0.997997 -0.061786
-1.867 -0.676 15.902 169 166 157 -0.003152 0.997208 -0.074607
-1.948 -0.677 15.887 163 168 148 0.010044 0.989855 -0.141727
-1.788 -0.676 15.850 157 153 144 -0.017598 0.998944 -0.042442
-1.818 -0.674 15.908 164 160 151 -0.017562 0.998948 -0.042355
-1.819 -0.675 15.905 162 159 152 -0.011451 0.998294 -0.057254
-1.956 -0.677 15.880 163 164 150 0.012090 0.992457 -0.121996
-1.827 -0.676 15.903 164 155 156 -0.007145 0.999261 -0.037766
-1.806 -0.676 15.876 167 163 154 -0.021741 0.999030 -0.038305
-1.784 -0.677 15.849 156 155 150 -0.021827 0.998853 -0.042615
-1.953 -0.678 15.885 175 171 162 0.005346 0.995448 -0.095161
-1.857 -0.677 15.899 178 164 164 -0.009535 0.996959 -0.077341
-1.776 -0.677 15.846 161 158 149 -0.009169 0.999393 -0.033619
-1.926 -0.676 15.892 165 166 152 0.010025 0.990209 -0.139231
-1.811 -0.677 15.874 175 163 147 -0.037417 0.997440 -0.060937
-1.880 -0.677 15.898 168 166 151 -0.001055 0.996523 -0.083307
-1.861 -0.676 15.907 177 167 166 -0.003159 0.997037 -0.076857
-1.851 -0.676 15.904 181 167 166 -0.005173 0.998482 -0.054839
-1.819 -0.677 15.890 172 172 162 -0.019865 0.998489 -0.051231
-1.840 -0.677 15.900 166 167 151 -0.011610 0.997429 -0.070717
-1.905 -0.676 15.899 171 165 149 0.007558 0.994471 -0.104738
-1.827 -0.676 15.900 168 164 165 -0.015681 0.998341 -0.055405
-1.833 -0.676 15.906 160 156 144 -0.018159 0.996620 -0.080114
-1.853 -0.675 15.911 169 171 166 -0.018341 0.995814 -0.089548
-1.802 -0.677 15.855 160 152 149 -0.032808 0.998003 -0.053975
-1.854 -0.675 15.908 172 171 166 -0.013777 0.997228 -0.073123
-1.793 -0.678 15.840 172 165 159 -0.019629 0.998995 -0.040290
-1.795 -0.676 15.859 158 159 145 -0.030690 0.997954 -0.056089
-1.819 -0.677 15.886 164 165 149 -0.026299 0.998324 -0.051547
-1.872 -0.676 15.900 154 171 152 -0.003134 0.997687 -0.067905
-1.953 -0.678 15.881 173 167 153 0.003122 0.997844 -0.065552
-1.840 -0.675 15.911 168 164 152 -0.009314 0.998670 -0.050710
-1.805 -0.677 15.863 169 165 154 -0.015404 0.999235 -0.035944
-1.845 -0.677 15.901 166 161 155 -0.009186 0.999244 -0.037765
-1.860 -0.677 15.899 171 171 152 -0.007285 0.998086 -0.061405
-1.806 -0.676 15.869 169 168 148 -0.003008 0.999681 -0.025067
-1.802 -0.676 15.868 163 163 153 -0.011185 0.999503 -0.029487
-1.806 -0.676 15.872 165 164 146 -0.009169 0.999393 -0.033619
-1.877 -0.676 15.906 170 166 155 -0.003164 0.996692 -0.081212
-1.940 -0.677 15.885 167 158 153 0.009628 0.996003 -0.088795
-1.929 -0.676 15.895 164 163 143 0.009930 0.991868 -0.126880
-1.844 -0.675 15.912 169 163 149 -0.013509 0.998611 -0.050918
-1.814 -0.676 15.892 163 159 160 -0.024098 0.998496 -0.049244
-1.925 -0.677 15.895 174 170 159 0.009720 0.994675 -0.102600
-1.864 -0.677 15.899 165 166 150 -0.007158 0.999095 -0.041927
-1.823 -0.676 15.902 173 163 161 -0.001005 0.999632 -0.027126
-1.823 -0.676 15.898 164 153 157 -0.013428 0.998829 -0.046481
-1.947 -0.678 15.881 167 163 152 0.007515 0.995188 -0.097694
-1.837 -0.676 15.904 171 164 158 -0.007200 0.998805 -0.048346
-1.797 -0.677 15.861 165 161 152 -0.011206 0.999372 -0.033618
-1.856 -0.677 15.902 180 165 168 -0.007187 0.998999 -0.044149
-1.806 -0.675 15.880 167 163 154 -0.007103 0.999480 -0.031456
-1.869 -0.676 15.908 173 168 164 -0.003086 0.998724 -0.050399
-1.904 -0.676 15.902 163 160 145 0.009589 0.996223 -0.086304
-1.810 -0.676 15.882 169 162 156 -0.028348 0.998481 -0.047247
-1.809 -0.676 15.867 169 167 154 -0.034926 0.998043 -0.051860
-1.918 -0.677 15.890 176 172 163 0.016653 0.991388 -0.129891
-1.894 -0.677 15.899 168 163 157 0.009946 0.991266 -0.131506
-1.931 -0.678 15.886 171 165 151 0.007589 0.994194 -0.107334
-1.885 -0.676 15.904 168 164 155 0.001041 0.997849 -0.065552
-1.847 -0.677 15.903 170 161 154 -0.007145 0.999261 -0.037766
-1.881 -0.676 15.903 163 160 153 0.001043 0.997701 -0.067764
-1.944 -0.677 15.886 167 160 154 0.012023 0.993570 -0.112583
-1.902 -0.676 15.900 162 161 141 0.012043 0.993041 -0.117150
-1.944 -0.676 15.889 160 163 152 0.009870 0.992514 -0.121734
-1.817 -0.677 15.891 167 164 159 -0.005043 0.999616 -0.027235
-1.876 -0.677 15.901 170 172 159 -0.001067 0.995277 -0.097074
-1.837 -0.675 15.907 166 163 154 -0.003002 0.999775 -0.021016
-1.841 -0.676 15.908 166 164 149 -0.003008 0.999730 -0.023063
-1.876 -0.677 15.898 165 167 156 0.001077 0.994296 -0.106647
-1.894 -0.676 15.902 164 162 150 0.007573 0.994219 -0.107103
-1.821 -0.677 15.893 168 163 159 -0.009096 0.999586 -0.027289
-1.871 -0.676 15.903 149 164 141 -0.005244 0.997364 -0.072364
-1.898 -0.676 15.899 163 159 148 0.003226 0.994762 -0.102165
-1.789 -0.676 15.855 171 156 149 -0.015403 0.999159 -0.037995
-1.805 -0.678 15.860 171 161 159 -0.030874 0.997548 -0.062812
-1.887 -0.677 15.898 168 162 150 0.001093 0.991782 -0.127937
-1.917 -0.677 15.893 167 162 158 0.010044 0.989855 -0.141727
-1.783 -0.677 15.843 172 163 158 -0.017563 0.999034 -0.040292
-1.868 -0.677 15.899 165 167 153 -0.003182 0.996111 -0.088048
-1.908 -0.676 15.895 167 161 149 0.012256 0.990489 -0.137042
-1.817 -0.676 15.899 164 160 159 -0.028861 0.997312 -0.067343
-1.815 -0.676 15.900 168 165 158 -0.022086 0.998081 -0.057845
-1.865 -0.676 15.907 165 168 159 -0.005347 0.995648 -0.093041
-1.778 -0.677 15.842 169 160 155 -0.011229 0.999369 -0.033687
-1.810 -0.676 15.885 170 165 161 -0.024143 0.998274 -0.053535
-1.814 -0.676 15.888 163 158 154 -0.024146 0.998384 -0.051441
-1.913 -0.676 15.897 173 166 156 -0.003085 0.998619 -0.052451
-1.931 -0.677 15.890 171 167 156 0.011997 0.993598 -0.112339
-1.949 -0.677 15.884 160 160 152 0.005254 0.997199 -0.074606
-1.881 -0.676 15.906 172 166 166 0.003158 0.996874 -0.078950
-1.802 -0.677 15.852 164 159 155 -0.007075 0.999603 -0.027289
-1.912 -0.677 15.893 160 156 145 0.005255 0.997353 -0.072516
-1.788 -0.677 15.846 154 154 144 -0.005024 0.999720 -0.023109
-1.792 -0.677 15.847 154 152 140 -0.002996 0.999815 -0.018978
-1.850 -0.677 15.899 172 162 160 -0.007430 0.996627 -0.081726
-1.935 -0.677 15.883 171 158 149 0.005461 0.992872 -0.119057
-1.779 -0.678 15.839 171 168 163 0.002979 0.999885 -0.014894
-1.810 -0.676 15.889 161 155 143 -0.029202 0.996098 -0.083279
-1.838 -0.675 15.912 161 165 150 -0.015896 0.997196 -0.073121
-1.789 -0.677 15.843 166 167 159 0.006937 0.999952 -0.006937
-1.863 -0.676 15.902 164 167 150 -0.011882 0.994870 -0.100459
-1.801 -0.677 15.858 170 161 156 -0.044734 0.996158 -0.075285
-1.940 -0.677 15.888 166 157 148 0.007487 0.995830 -0.090919
-1.935 -0.677 15.890 165 164 146 0.009776 0.993915 -0.109711
-1.798 -0.677 15.854 156 149 141 -0.023907 0.998892 -0.040538
-1.922 -0.677 15.891 166 164 151 0.005367 0.994991 -0.099821
-1.803 -0.677 15.864 176 172 160 -0.026036 0.998749 -0.042699
-1.857 -0.676 15.910 173 174 166 -0.009589 0.996223 -0.086304
-1.810 -0.677 15.878 172 162 150 -0.030690 0.997954 -0.056089
-1.926 -0.677 15.889 156 158 145 0.007602 0.993695 -0.111859
-1.830 -0.675 15.911 168 160 147 -0.020338 0.996565 -0.080282
-1.824 -0.675 15.908 174 164 158 -0.009406 0.998053 -0.061660
-1.829 -0.678 15.895 179 165 165 -0.015648 0.998348 -0.055290
