-2.133 -0.676 15.629 158 150 137 -0.011362 -0.998854 -0.046482
-2.093 -0.675 15.631 163 154 147 -0.001020 -0.999036 -0.043880
-2.131 -0.675 15.634 159 155 143 0.009666 0.995578 0.093436
-2.081 -0.674 15.625 163 149 149 0.005163 0.998488 0.054726
-2.114 -0.675 15.622 151 137 136 -0.009313 -0.998563 -0.052774
-2.087 -0.675 15.624 177 164 156 -0.005346 -0.995448 -0.095161
-2.171 -0.673 15.617 134 122 108 -0.020906 -0.993586 -0.111132
-2.134 -0.675 15.633 166 160 146 -0.009025 -0.999814 -0.017048
-2.090 -0.675 15.628 167 157 148 0.003002 0.999775 0.021016
-2.037 -0.676 15.621 165 162 145 -0.007546 -0.994934 -0.100248
-2.095 -0.676 15.634 151 152 138 0.002973 0.999936 0.010901
-2.113 -0.675 15.628 146 139 133 0.007430 0.996627 0.081726
-2.143 -0.675 15.621 171 157 148 0.014953 0.999876 0.004984
-2.051 -0.675 15.622 180 169 165 -0.007617 -0.993423 -0.114249
-2.126 -0.675 15.628 151 156 136 -0.007617 -0.993423 -0.114249
-2.108 -0.675 15.629 167 147 138 -0.009854 -0.993065 -0.117153
-2.044 -0.676 15.629 161 163 142 -0.007516 -0.995395 -0.095566
-2.116 -0.675 15.631 151 143 140 -0.007546 -0.994934 -0.100248
-2.139 -0.676 15.631 170 156 143 0.017389 0.999346 0.031709
-2.127 -0.676 15.636 162 159 144 -0.011565 -0.997737 -0.066235
-2.093 -0.675 15.635 167 161 147 0.003159 0.997037 0.076857
-2.161 -0.674 15.622 131 124 118 -0.023285 -0.992396 -0.120862
-2.042 -0.675 15.626 163 169 143 -0.007385 -0.997002 -0.077017
-2.058 -0.675 15.622 172 169 152 -0.003159 -0.997037 -0.076857
-2.058 -0.675 15.626 163 159 147 0.005163 0.998599 0.052667
-2.090 -0.676 15.632 165 157 144 -0.007061 -0.999604 -0.027234
-2.118 -0.675 15.634 155 150 146 0.007516 0.995395 0.095566
-2.128 -0.674 15.622 160 155 149 -0.011610 -0.997429 -0.070717
-2.052 -0.675 15.630 170 163 155 0.007604 0.993934 0.109713
-2.059 -0.676 15.632 164 160 151 0.005123 0.999016 0.044059
-2.149 -0.675 15.627 164 161 143 -0.015223 -0.999612 -0.023341
-2.140 -0.674 15.617 170 157 151 -0.020139 -0.997420 -0.068897
-2.069 -0.675 15.631 161 157 145 0.005034 0.999671 0.025168
-2.173 -0.673 15.616 150 137 129 0.022797 0.995473 0.092274
-2.069 -0.675 15.627 170 161 146 0.001075 0.994546 0.104293
-2.146 -0.674 15.620 166 159 149 -0.022570 -0.996314 -0.082757
-2.144 -0.675 15.629 171 154 147 -0.018625 -0.993685 -0.110653
-2.165 -0.673 15.615 148 136 138 -0.029613 -0.994784 -0.097614
-2.166 -0.674 15.620 149 138 136 -0.022261 -0.997519 -0.066784
-2.081 -0.675 15.630 157 147 145 0.003008 0.999730 0.023063
-2.078 -0.675 15.622 171 160 156 0.007117 0.999412 0.033551
-2.161 -0.674 15.618 131 126 122 -0.026247 -0.998437 -0.049344
-2.158 -0.673 15.619 117 114 109 0.026611 0.997394 0.067061
-2.104 -0.675 15.625 171 151 142 0.006937 0.999936 -0.008919
-2.140 -0.674 15.621 167 152 149 0.012960 0.999876 0.008972
-2.131 -0.675 15.630 158 152 140 -0.015072 -0.999801 -0.013063
-2.092 -0.676 15.627 164 154 153 0.006937 0.999952 -0.006937
-2.034 -0.675 15.618 167 159 148 0.005522 0.990714 0.135850
-2.153 -0.673 15.616 142 143 129 0.015496 0.998982 0.042356
-2.054 -0.675 15.625 184 168 168 0.005203 0.997970 0.063479
-2.113 -0.676 15.632 149 145 133 -0.001102 -0.990471 -0.137718
-2.079 -0.676 15.632 157 153 142 0.005123 0.998923 0.046104
-2.120 -0.675 15.625 152 146 130 -0.011451 -0.998294 -0.057254
-2.100 -0.675 15.627 168 161 143 0.005004 0.999767 0.021016
-2.095 -0.675 15.626 165 167 146 0.005083 0.999279 0.037613
-2.108 -0.676 15.634 160 149 143 -0.007414 -0.996641 -0.081553
-2.063 -0.675 15.625 174 162 148 0.004994 0.999843 0.016980
-2.054 -0.676 15.629 186 164 167 -0.005285 -0.996669 -0.081382
-2.147 -0.675 15.629 170 158 144 0.022437 0.996866 0.075860
-2.085 -0.676 15.633 159 152 146 -0.007385 -0.997002 -0.077017
-2.073 -0.675 15.624 165 161 152 0.011207 0.999438 0.031583
-2.148 -0.674 15.618 156 151 145 -0.015681 -0.998341 -0.055405
-2.143 -0.674 15.617 177 164 156 0.015404 0.999235 0.035944
-2.078 -0.675 15.627 165 156 151 0.005133 0.998822 0.048247
-2.121 -0.676 15.638 159 159 151 0.011679 0.996924 0.077503
-2.130 -0.674 15.621 162 153 144 -0.011656 -0.997098 -0.075233
-2.170 -0.672 15.613 148 141 123 -0.015466 -0.999072 -0.040210
-2.091 -0.675 15.623 170 162 159 0.005033 0.999618 0.027180
-2.051 -0.675 15.626 180 164 164 -0.005439 -0.993188 -0.116398
-2.046 -0.675 15.624 174 164 152 0.005378 0.994969 0.100035
-2.039 -0.675 15.620 170 172 150 0.007458 0.996241 0.086305
-2.066 -0.675 15.624 177 161 146 -0.005398 -0.994258 -0.106875
-2.071 -0.676 15.631 161 159 147 0.007587 0.993960 0.109477
-2.121 -0.676 15.634 151 148 143 -0.009368 -0.998195 -0.059330
-2.106 -0.675 15.635 165 150 143 -0.007400 -0.996825 -0.079281
-2.154 -0.674 15.626 144 159 138 -0.017738 -0.998535 -0.051127
-2.154 -0.674 15.622 137 138 124 0.017115 0.999739 0.015102
-2.156 -0.674 15.620 136 137 123 0.019746 0.998711 0.046766
-2.111 -0.675 15.637 156 152 141 0.005204 0.998099 0.061405
-2.167 -0.673 15.613 139 126 120 -0.024435 -0.997599 -0.064807
-2.118 -0.675 15.630 144 134 133 -0.009552 -0.996609 -0.081724
-2.105 -0.675 15.630 164 149 144 0.001036 -0.997999 -0.063217
-2.157 -0.675 15.625 141 142 126 -0.015435 -0.999156 -0.038073
-2.136 -0.675 15.624 167 159 148 0.013535 0.998497 0.053100
-2.163 -0.674 15.612 155 145 146 0.017149 0.999706 0.017149
-2.064 -0.676 15.633 158 158 146 0.003080 0.998831 0.048248
-2.107 -0.675 15.625 161 148 139 0.009277 0.998783 0.048445
-2.042 -0.675 15.622 171 173 151 -0.007472 -0.995848 -0.090726
-2.157 -0.674 15.614 129 128 124 0.017150 0.999738 0.015132
-2.094 -0.675 15.622 173 167 143 0.007158 0.999095 0.041927
-2.123 -0.674 15.624 152 155 134 -0.011813 -0.995555 -0.093434
-2.095 -0.675 15.630 138 139 123 0.006896 0.999976 -0.000985
-2.100 -0.675 15.632 161 155 143 0.002944 0.999995 -0.000981
-2.087 -0.675 15.629 163 153 144 0.005123 0.999016 0.044059
-2.037 -0.676 15.625 170 162 151 0.005420 0.993974 0.109478
-2.131 -0.675 15.625 158 149 140 -0.012113 -0.992154 -0.124432
-2.064 -0.675 15.629 163 157 145 0.005418 0.993736 0.111619
-2.121 -0.676 15.629 147 140 130 -0.005470 -0.992313 -0.123629
-2.139 -0.675 15.627 173 160 152 -0.011928 -0.994381 -0.105185
-2.146 -0.674 15.624 165 159 143 -0.022748 -0.995492 -0.092075
-2.118 -0.675 15.626 140 129 125 -0.009757 -0.994175 -0.107332
-2.068 -0.675 15.623 175 161 148 0.005173 0.998366 0.056902
-2.135 -0.674 15.619 173 169 160 -0.007604 -0.993934 -0.109713
-2.144 -0.675 15.625 169 152 144 0.021028 0.992741 0.118421
-2.034 -0.675 15.621 172 157 152 -0.007765 -0.990617 -0.136446
-2.200 -0.674 15.639 148 149 143 0.020298 0.996748 0.077988
-2.176 -0.674 15.631 166 151 148 -0.019944 -0.998252 -0.055633
-2.189 -0.674 15.634 151 147 136 -0.019551 -0.999160 -0.036015
-2.175 -0.674 15.622 139 124 117 0.017014 0.999831 0.007006
-2.192 -0.674 15.637 155 152 143 0.017771 0.998306 0.055403
-2.197 -0.673 15.634 153 150 145 0.015648 0.998348 0.055290
-2.167 -0.674 15.625 148 141 133 0.015192 0.999658 0.021269
-2.197 -0.673 15.631 174 168 156 -0.018053 -0.997149 -0.073273
-2.170 -0.674 15.624 158 144 144 -0.026876 -0.996554 -0.078477
-2.176 -0.674 15.626 152 134 130 0.023812 0.999060 0.036235
-2.176 -0.674 15.635 166 161 157 0.017738 0.998535 0.051127
-2.203 -0.674 15.643 146 149 142 -0.013219 -0.999536 -0.027454
-2.171 -0.674 15.629 165 156 151 0.015162 0.999660 0.021226
-2.178 -0.674 15.625 139 129 120 0.015496 0.998982 0.042356
-2.173 -0.674 15.623 152 134 130 -0.020302 -0.996911 -0.075864
-2.190 -0.674 15.639 163 156 146 0.018020 0.997461 0.068900
-2.165 -0.674 15.630 165 156 139 -0.016086 -0.996275 -0.084721
-2.194 -0.673 15.631 166 163 158 -0.013775 -0.997071 -0.075231
-2.201 -0.674 15.644 147 146 142 -0.024529 -0.997142 -0.071453
-2.194 -0.673 15.635 155 151 148 -0.016244 -0.995212 -0.096381
-2.202 -0.673 15.637 138 138 130 -0.030140 -0.992383 -0.119443
-2.163 -0.675 15.631 169 162 144 -0.030997 -0.997249 -0.067338
-2.188 -0.673 15.628 159 156 147 -0.036201 -0.994985 -0.093246
-2.163 -0.675 15.627 156 148 137 -0.017701 -0.998541 -0.051020
-2.186 -0.674 15.630 144 140 131 -0.020739 -0.994393 -0.103696
-2.204 -0.673 15.635 139 139 129 -0.016086 -0.996275 -0.084721
-2.179 -0.674 15.634 172 159 153 0.022482 0.996688 0.078151
-2.184 -0.674 15.636 163 148 141 -0.020659 -0.994879 -0.098944
-2.157 -0.675 15.629 148 160 136 0.012883 0.999917 -0.000991
-2.206 -0.674 15.642 132 132 124 0.018053 0.997149 0.073273
-2.198 -0.674 15.640 147 143 140 -0.020663 -0.995090 -0.096790
-2.179 -0.674 15.630 152 137 132 -0.022530 -0.996674 -0.078318
-2.183 -0.673 15.626 143 140 131 -0.019551 -0.999160 -0.036015
