-0.731 -0.679 15.711 150 148 136 -0.001005 0.999575 -0.029133
-0.807 -0.680 15.692 132 136 113 0.001030 0.998393 -0.056668
-0.777 -0.681 15.700 159 152 144 0.001036 0.997999 -0.063217
-0.758 -0.680 15.702 153 153 141 0.001030 0.998393 -0.056668
-0.763 -0.680 15.702 168 157 139 -0.001020 0.998945 -0.045917
-0.781 -0.680 15.702 140 137 118 0.001030 0.998393 -0.056668
-0.748 -0.679 15.711 145 143 130 0.003115 0.997987 -0.063348
-0.784 -0.678 15.703 138 138 126 -0.001014 0.999217 -0.039563
-0.794 -0.679 15.697 126 109 101 -0.003038 0.999437 -0.033416
-0.745 -0.679 15.709 150 146 134 0.003104 0.998375 -0.056902
-0.768 -0.679 15.705 139 139 127 0.005223 0.997678 -0.067905
-0.780 -0.680 15.698 168 151 144 -0.001024 0.998739 -0.050193
-0.794 -0.681 15.692 159 150 141 -0.001024 0.998739 -0.050193
-0.741 -0.680 15.710 156 151 145 0.005234 0.997668 -0.068047
-0.751 -0.680 15.705 147 149 144 -0.007047 0.999707 -0.023155
-0.790 -0.680 15.697 139 135 123 0.003116 0.998116 -0.061279
-0.773 -0.680 15.701 160 158 145 0.003122 0.997978 -0.063479
-0.802 -0.680 15.690 162 164 143 0.003122 0.997978 -0.063479
-0.798 -0.679 15.697 155 144 138 0.003110 0.998248 -0.059086
-0.804 -0.680 15.691 158 153 131 0.003109 0.998124 -0.061152
-0.775 -0.680 15.698 157 162 142 0.001020 0.998945 -0.045917
-0.781 -0.679 15.705 139 148 117 0.003079 0.998730 -0.050296
-0.807 -0.680 15.689 155 152 133 0.005163 0.998488 -0.054726
-0.756 -0.680 15.710 151 148 133 0.005234 0.997524 -0.070130
-0.808 -0.678 15.696 139 146 130 0.003122 0.997978 -0.063479
-0.778 -0.680 15.696 169 154 151 0.007444 0.996437 -0.084011
-0.810 -0.679 15.694 148 149 131 0.005234 0.997524 -0.070130
-0.802 -0.679 15.693 134 142 121 -0.003038 0.999367 -0.035439
-0.764 -0.680 15.706 142 139 122 -0.003061 0.999032 -0.043880
-0.776 -0.680 15.703 144 140 128 -0.003044 0.999365 -0.035510
-0.764 -0.679 15.709 136 132 120 -0.008937 0.999920 -0.008937
-0.745 -0.680 15.705 162 152 140 0.003091 0.998503 -0.054614
-0.741 -0.680 15.706 161 156 153 0.018702 0.993384 -0.113310
-0.776 -0.679 15.705 143 136 130 -0.001015 0.999295 -0.037537
-0.804 -0.678 15.697 136 138 124 0.005245 0.997514 -0.070277
-0.758 -0.680 15.707 151 147 135 0.005255 0.997353 -0.072516
-0.785 -0.679 15.701 129 123 109 0.001022 0.998844 -0.048051
-0.785 -0.680 15.698 150 147 132 0.001038 0.997991 -0.063348
-0.794 -0.678 15.701 149 142 132 0.016685 0.991061 -0.132364
-0.756 -0.680 15.705 162 158 147 0.011997 0.993598 -0.112339
-0.737 -0.679 15.711 135 129 117 -0.577350 -0.577350 -0.577350
-0.772 -0.679 15.707 148 136 136 0.009664 0.995376 -0.095565
-0.753 -0.680 15.711 160 152 141 0.014236 0.993265 -0.114987
-0.768 -0.680 15.701 161 156 152 0.003122 0.997978 -0.063479
-0.790 -0.680 15.692 169 161 150 0.009571 0.996419 -0.084010
-0.798 -0.680 15.694 148 144 132 0.005213 0.997827 -0.065688
-0.790 -0.679 15.700 127 118 113 -0.001020 0.998945 -0.045917
-0.802 -0.680 15.684 171 161 149 0.001020 0.998945 -0.045917
-0.807 -0.681 15.684 172 164 153 -0.005053 0.999558 -0.029310
-0.800 -0.681 15.687 170 161 146 -0.001024 0.998739 -0.050193
-0.785 -0.680 15.693 162 160 147 -0.011009 0.999855 -0.013011
-0.803 -0.680 15.685 166 156 144 0.001030 0.998507 -0.054614
-0.736 -0.679 15.706 150 148 136 0.005213 0.997827 -0.065688
-0.719 -0.679 15.705 167 160 150 0.001018 0.999127 -0.041758
-0.731 -0.679 15.702 159 157 145 0.001018 0.999040 -0.043791
-0.726 -0.679 15.703 158 156 141 0.005234 0.997668 -0.068047
-0.736 -0.679 15.702 157 153 144 0.003122 0.997978 -0.063479
-0.728 -0.680 15.709 155 150 146 0.001043 0.997701 -0.067764
-0.756 -0.680 15.700 161 156 153 0.007415 0.996811 -0.079448
-0.732 -0.679 15.707 148 147 129 0.011905 0.994629 -0.102818
-0.726 -0.679 15.707 164 162 147 -0.001016 0.999213 -0.039643
-0.773 -0.680 15.696 162 160 145 0.001024 0.998840 -0.048149
-0.719 -0.679 15.701 163 161 148 0.007371 0.997174 -0.074762
-0.723 -0.680 15.705 158 160 147 0.005245 0.997514 -0.070277
-0.729 -0.680 15.705 157 154 149 0.011885 0.995084 -0.098320
-0.747 -0.680 15.702 171 155 155 0.007428 0.996452 -0.083834
-0.752 -0.680 15.701 154 154 152 0.014130 0.994554 -0.103260
-0.714 -0.679 15.702 164 153 147 0.009478 0.997311 -0.072666
-0.727 -0.680 15.708 160 155 149 0.003091 0.998503 -0.054614
-0.763 -0.681 15.698 177 165 149 -0.001003 0.999633 -0.027071
