-1.617 -0.672 14.511 168 152 155 0.036600 0.998660 -0.036600
-1.616 -0.671 14.515 134 124 122 0.032222 0.998892 -0.034301
-1.652 -0.670 14.515 154 151 144 0.032482 0.998549 -0.042960
-1.619 -0.670 14.516 150 146 143 0.032878 0.997995 -0.054089
-1.679 -0.670 14.506 147 141 125 0.028804 0.997465 -0.065075
-1.649 -0.670 14.514 133 127 115 0.030813 0.997689 -0.060563
-1.634 -0.671 14.511 162 155 149 0.033142 0.997458 -0.063076
-1.616 -0.671 14.513 159 147 147 0.033336 0.996844 -0.072048
-1.669 -0.671 14.506 137 139 125 0.043221 0.998304 -0.039004
-1.621 -0.671 14.514 132 127 121 0.026195 0.998544 -0.047151
-1.625 -0.671 14.514 146 144 131 0.030510 0.998413 -0.047343
-1.647 -0.671 14.515 136 139 112 0.026299 0.998324 -0.051547
-1.679 -0.670 14.502 160 150 140 0.028405 0.998373 -0.049445
-1.675 -0.670 14.502 136 136 124 0.027040 0.996159 -0.083284
-1.634 -0.671 14.515 157 154 149 0.030874 0.997548 -0.062812
-1.665 -0.671 14.507 125 114 118 0.024194 0.998267 -0.053648
-1.645 -0.671 14.510 167 148 150 0.024484 0.997448 -0.067064
-1.640 -0.671 14.510 167 157 155 0.026559 0.997545 -0.064803
-1.611 -0.671 14.512 163 151 151 0.033269 0.997009 -0.069758
-1.657 -0.670 14.510 141 142 128 0.034926 0.998043 -0.051860
-1.644 -0.670 14.511 149 145 134 0.035418 0.997082 -0.067617
-1.631 -0.671 14.515 148 142 128 0.032878 0.997995 -0.054089
-1.626 -0.671 14.511 154 151 146 0.037268 0.997711 -0.056434
-1.644 -0.670 14.515 126 124 86 0.034787 0.998268 -0.047436
-1.652 -0.670 14.511 126 112 111 0.026143 0.998646 -0.044965
-1.653 -0.671 14.506 163 145 141 0.026143 0.998646 -0.044965
-1.665 -0.670 14.511 162 155 149 0.030325 0.998620 -0.042873
-1.676 -0.671 14.507 148 144 132 0.030023 0.999034 -0.032093
-1.674 -0.671 14.510 156 150 152 0.030206 0.998879 -0.036455
-1.612 -0.671 14.510 160 147 139 0.030206 0.998879 -0.036455
-1.631 -0.671 14.510 152 154 141 0.032547 0.998450 -0.045145
-1.658 -0.670 14.506 147 137 135 0.036825 0.998479 -0.041033
-1.614 -0.671 14.512 164 153 151 0.037193 0.997837 -0.054196
-1.639 -0.671 14.514 163 156 150 0.030878 0.997679 -0.060691
-1.671 -0.670 14.505 148 144 141 0.032681 0.998339 -0.047440
-1.648 -0.670 14.509 169 150 152 0.030388 0.998614 -0.042962
-1.661 -0.670 14.510 167 163 152 0.024335 0.997753 -0.062426
-1.648 -0.671 14.506 172 159 151 0.024287 0.997891 -0.060190
-1.622 -0.672 14.511 150 150 140 0.030813 0.997689 -0.060563
-1.661 -0.670 14.506 131 115 115 0.024772 0.996247 -0.082931
-1.643 -0.671 14.507 158 142 142 0.026349 0.998091 -0.055859
-1.746 -0.667 14.546 124 114 102 0.005183 0.998239 -0.059086
-1.776 -0.667 14.551 140 142 131 0.001036 0.998128 -0.061152
-1.737 -0.667 14.545 138 134 133 -0.005214 0.997961 -0.063611
-1.730 -0.668 14.545 139 135 136 0.011339 0.998859 -0.046387
-1.717 -0.667 14.540 168 158 148 0.009241 0.999071 -0.042099
-1.727 -0.667 14.549 172 161 155 -0.009441 0.997628 -0.068187
-1.730 -0.668 14.550 154 144 132 0.001042 0.997558 -0.069839
-1.746 -0.667 14.550 128 125 116 0.005183 0.998239 -0.059086
-1.750 -0.667 14.546 142 142 130 -0.001036 0.997999 -0.063217
-1.727 -0.667 14.545 150 142 140 0.011273 0.999217 -0.037919
-1.723 -0.667 14.546 159 148 156 0.021697 0.999110 -0.036162
-1.759 -0.667 14.551 156 150 136 0.001030 0.998507 -0.054614
-1.750 -0.667 14.551 152 149 130 0.009222 0.999075 -0.042012
-1.744 -0.667 14.551 153 152 160 0.005113 0.999108 -0.041928
-1.771 -0.667 14.549 150 144 146 0.003086 0.998724 -0.050399
-1.773 -0.667 14.550 151 142 145 -0.007315 0.997940 -0.063743
-1.723 -0.667 14.542 154 154 154 -0.003098 0.998497 -0.054726
-1.719 -0.667 14.542 167 156 150 0.001030 0.998507 -0.054614
-1.767 -0.666 14.550 140 133 140 0.007229 0.998586 -0.052666
-1.754 -0.668 14.549 150 145 139 -0.005193 0.998107 -0.061278
-1.763 -0.667 14.550 144 138 142 -0.003110 0.998248 -0.059086
-1.740 -0.667 14.550 135 126 127 -0.005234 0.997668 -0.068047
-1.740 -0.667 14.546 143 142 148 -0.009515 0.996972 -0.077178
-1.737 -0.667 14.550 129 129 127 0.001043 0.997701 -0.067764
-1.691 -0.670 14.501 146 157 149 0.024191 0.998152 -0.055745
-1.719 -0.667 14.532 154 141 148 0.005163 0.998599 -0.052667
-1.701 -0.668 14.511 134 136 125 0.011407 0.998643 -0.050814
-1.700 -0.670 14.506 148 146 149 0.011384 0.998649 -0.050709
-1.711 -0.669 14.514 140 124 127 0.011451 0.998294 -0.057254
-1.714 -0.667 14.533 153 155 150 -0.009443 0.997768 -0.066098
-1.707 -0.669 14.505 146 143 138 0.021696 0.999034 -0.038226
-1.696 -0.669 14.514 133 141 120 0.032352 0.998730 -0.038613
-1.723 -0.667 14.537 146 146 138 0.019591 0.999156 -0.036089
-1.710 -0.668 14.533 165 155 154 0.029783 0.999277 -0.023621
-1.697 -0.668 14.519 165 155 145 0.028289 0.998487 -0.047148
-1.696 -0.669 14.506 133 133 125 0.021914 0.998656 -0.046959
-1.691 -0.670 14.507 153 135 135 0.034301 0.998892 -0.032222
-1.687 -0.669 14.510 150 150 140 0.025935 0.999004 -0.036309
-1.705 -0.668 14.529 172 153 155 0.021827 0.998853 -0.042615
-1.709 -0.668 14.527 164 148 149 0.015435 0.999156 -0.038073
-1.703 -0.669 14.503 140 144 130 0.028064 0.998866 -0.038458
-1.743 -0.667 14.541 139 141 138 0.003067 0.998936 -0.046010
-1.705 -0.669 14.509 141 134 141 0.028066 0.998944 -0.036382
-1.696 -0.669 14.502 144 154 153 0.021871 0.998757 -0.044783
-1.769 -0.667 14.548 158 154 155 0.011251 0.999296 -0.035799
-1.710 -0.669 14.509 133 118 115 0.011340 0.998953 -0.044329
-1.763 -0.667 14.546 151 151 149 0.003104 0.998375 -0.056902
-1.754 -0.668 14.545 153 137 138 0.005163 0.998488 -0.054726
-1.688 -0.670 14.502 119 131 129 0.026036 0.998749 -0.042699
-1.701 -0.668 14.516 138 128 119 0.007444 0.996437 -0.084011
-1.687 -0.670 14.506 149 144 140 0.028402 0.998267 -0.051544
-1.717 -0.667 14.533 154 154 144 0.007229 0.998586 -0.052666
-1.706 -0.668 14.523 161 153 150 0.025829 0.999085 -0.034095
-1.704 -0.668 14.515 140 133 127 0.025935 0.999004 -0.036309
-1.700 -0.670 14.502 144 140 137 0.019669 0.998991 -0.040374
-1.701 -0.668 14.520 171 154 144 0.017596 0.998854 -0.044509
-1.750 -0.667 14.542 133 139 127 0.019435 0.999371 -0.029664
-1.709 -0.668 14.523 154 143 137 0.009332 0.998557 -0.052883
-1.759 -0.667 14.545 155 151 148 0.001024 0.998739 -0.050193
-1.700 -0.669 14.523 160 151 142 0.007130 0.999264 -0.037689
-1.704 -0.669 14.520 147 147 139 0.003104 0.998375 -0.056902
-1.723 -0.667 14.533 136 132 129 0.007186 0.998906 -0.046198
-1.684 -0.669 14.506 151 149 137 0.026457 0.997954 -0.058205
-1.727 -0.667 14.540 141 129 129 -0.001034 0.998136 -0.061026
-1.710 -0.668 14.511 132 121 117 0.032158 0.998965 -0.032158
-1.717 -0.667 14.538 161 158 141 0.019785 0.998606 -0.048941
-1.709 -0.668 14.519 136 131 137 0.013641 0.997856 -0.064006
-1.696 -0.669 14.510 132 130 118 0.019942 0.998133 -0.057726
-1.719 -0.667 14.537 152 152 140 0.013481 0.998617 -0.050812
-1.688 -0.670 14.498 142 144 131 0.026506 0.997690 -0.062554
-1.741 -0.668 14.542 137 137 135 0.015435 0.999156 -0.038073
-1.712 -0.668 14.528 159 146 138 0.017458 0.999201 -0.035942
-1.730 -0.668 14.541 128 117 123 0.017252 0.999579 -0.023340
-1.713 -0.667 14.524 139 143 129 0.019512 0.999235 -0.033890
-1.710 -0.668 14.515 161 155 159 0.009258 0.998885 -0.046292
-1.684 -0.669 14.510 154 148 136 0.022130 0.997949 -0.060067
-1.747 -0.667 14.542 138 135 128 -0.003140 0.997533 -0.070131
-1.705 -0.669 14.506 130 130 120 0.019787 0.998705 -0.046863
-1.737 -0.667 14.541 138 140 137 0.003116 0.998116 -0.061279
-1.714 -0.667 14.537 169 156 150 -0.001030 0.998507 -0.054614
-1.713 -0.667 14.519 123 126 135 0.001030 0.998507 -0.054614
-1.692 -0.669 14.511 148 145 130 0.019630 0.999076 -0.038227
-1.715 -0.668 14.523 134 133 129 0.001036 0.998128 -0.061152
-1.684 -0.670 14.501 143 144 139 0.024194 0.998267 -0.053648
-1.727 -0.667 14.536 130 120 119 0.001032 0.998386 -0.056785
-1.716 -0.668 14.526 148 133 126 0.007243 0.998469 -0.054838
