-1.413 -0.673 15.874 146 146 134 -0.577350 -0.577350 -0.577350
-1.472 -0.674 15.880 141 144 123 -0.577350 -0.577350 -0.577350
-1.497 -0.675 15.878 150 163 133 -0.577350 -0.577350 -0.577350
-1.480 -0.675 15.878 159 153 153 -0.577350 -0.577350 -0.577350
-1.436 -0.673 15.877 140 135 131 -0.577350 -0.577350 -0.577350
-1.484 -0.675 15.883 146 146 146 -0.577350 -0.577350 -0.577350
-1.491 -0.675 15.883 151 143 141 -0.577350 -0.577350 -0.577350
-1.458 -0.674 15.878 140 131 136 -0.577350 -0.577350 -0.577350
-1.495 -0.673 15.883 132 140 117 -0.577350 -0.577350 -0.577350
-1.404 -0.674 15.876 155 150 146 -0.577350 -0.577350 -0.577350
-1.467 -0.674 15.878 137 135 120 -0.577350 -0.577350 -0.577350
-1.412 -0.673 15.877 141 131 121 -0.577350 -0.577350 -0.577350
-1.439 -0.674 15.877 149 149 141 -0.577350 -0.577350 -0.577350
-1.409 -0.673 15.877 141 132 117 -0.577350 -0.577350 -0.577350
-1.483 -0.675 15.877 158 154 151 -0.577350 -0.577350 -0.577350
-1.421 -0.672 15.878 149 149 147 -0.577350 -0.577350 -0.577350
-1.453 -0.673 15.877 140 137 128 -0.577350 -0.577350 -0.577350
-1.489 -0.675 15.881 167 158 151 -0.577350 -0.577350 -0.577350
-1.476 -0.675 15.882 148 148 138 -0.577350 -0.577350 -0.577350
-1.467 -0.673 15.881 135 136 130 -0.577350 -0.577350 -0.577350
-1.487 -0.676 15.879 171 162 155 -0.577350 -0.577350 -0.577350
-1.475 -0.676 15.877 150 152 147 -0.577350 -0.577350 -0.577350
-1.503 -0.675 15.881 165 163 151 -0.577350 -0.577350 -0.577350
-1.493 -0.675 15.882 157 156 151 -0.577350 -0.577350 -0.577350
-1.409 -0.674 15.874 150 151 137 -0.577350 -0.577350 -0.577350
-1.444 -0.674 15.878 147 142 136 -0.577350 -0.577350 -0.577350
-1.463 -0.673 15.881 153 147 157 -0.577350 -0.577350 -0.577350
-1.472 -0.675 15.876 156 152 149 -0.577350 -0.577350 -0.577350
-1.454 -0.673 15.882 143 143 133 -0.577350 -0.577350 -0.577350
-1.498 -0.673 15.886 138 141 122 -0.577350 -0.577350 -0.577350
-1.501 -0.673 15.886 149 143 143 -0.577350 -0.577350 -0.577350
-1.490 -0.675 15.882 162 154 151 -0.577350 -0.577350 -0.577350
-1.443 -0.673 15.881 149 144 140 -0.577350 -0.577350 -0.577350
-1.497 -0.674 15.882 151 160 131 -0.577350 -0.577350 -0.577350
-1.427 -0.673 15.877 141 141 131 -0.577350 -0.577350 -0.577350
-1.412 -0.672 15.881 162 143 129 -0.577350 -0.577350 -0.577350
-1.435 -0.672 15.880 144 134 133 -0.577350 -0.577350 -0.577350
-1.468 -0.675 15.875 153 147 131 -0.577350 -0.577350 -0.577350
-1.416 -0.673 15.881 163 159 148 -0.577350 -0.577350 -0.577350
-1.493 -0.676 15.878 168 172 157 -0.577350 -0.577350 -0.577350
-1.445 -0.674 15.877 148 141 133 -0.577350 -0.577350 -0.577350
-1.489 -0.675 15.877 168 159 152 -0.577350 -0.577350 -0.577350
-1.416 -0.673 15.877 130 129 124 -0.577350 -0.577350 -0.577350
-1.440 -0.673 15.881 144 135 136 -0.577350 -0.577350 -0.577350
-1.417 -0.673 15.874 129 131 128 -0.577350 -0.577350 -0.577350
-1.426 -0.672 15.881 161 157 145 -0.577350 -0.577350 -0.577350
-1.471 -0.674 15.882 143 145 121 -0.577350 -0.577350 -0.577350
-1.457 -0.673 15.881 141 138 133 -0.577350 -0.577350 -0.577350
-1.463 -0.674 15.877 156 151 147 -0.577350 -0.577350 -0.577350
-1.479 -0.675 15.882 146 133 140 -0.577350 -0.577350 -0.577350
-1.420 -0.673 15.874 144 144 144 -0.577350 -0.577350 -0.577350
