-0.935 -0.679 15.151 151 149 134 -0.035778 -0.986772 -0.158114
-0.913 -0.680 15.165 166 164 141 -0.037864 -0.987914 -0.150310
-0.863 -0.679 15.141 165 160 141 0.028064 0.991235 0.129096
-0.900 -0.681 15.166 167 160 154 -0.028663 -0.987171 -0.157076
-0.879 -0.678 15.147 157 150 131 -0.035709 -0.987189 -0.155508
-0.909 -0.681 15.166 176 169 158 -0.038389 -0.985319 -0.166353
-0.927 -0.681 15.165 157 163 137 -0.038228 -0.985829 -0.163339
-0.865 -0.679 15.144 157 152 123 -0.040557 -0.986110 -0.161068
-0.928 -0.677 15.149 169 151 149 -0.035915 -0.985914 -0.163354
-0.910 -0.678 15.156 157 150 131 -0.033193 -0.987787 -0.152231
-0.924 -0.681 15.165 159 161 147 -0.033066 -0.988571 -0.147088
-0.904 -0.680 15.161 170 159 141 -0.033130 -0.988183 -0.149655
-0.937 -0.678 15.142 152 146 130 -0.038755 -0.982961 -0.179681
-0.861 -0.679 15.145 159 153 141 -0.038811 -0.982038 -0.184647
-0.933 -0.677 15.147 150 149 131 -0.044058 -0.979993 -0.194093
-0.876 -0.681 15.156 163 156 150 -0.038738 -0.982544 -0.181953
-0.933 -0.679 15.156 156 149 139 -0.038374 -0.984935 -0.168613
-0.895 -0.681 15.165 175 165 155 -0.036120 -0.984560 -0.171279
-0.882 -0.681 15.157 159 150 141 -0.040789 -0.984774 -0.168985
-0.923 -0.677 15.148 146 142 130 -0.038608 -0.983931 -0.174323
-0.927 -0.676 15.148 164 149 144 -0.043544 -0.982691 -0.180062
-0.936 -0.677 15.139 145 146 128 -0.049131 -0.979026 -0.197723
-0.923 -0.678 15.153 152 149 132 -0.051836 -0.977654 -0.203728
-0.923 -0.679 15.158 153 156 149 -0.041117 -0.983281 -0.177390
-0.906 -0.681 15.167 174 168 142 -0.041177 -0.982370 -0.182356
-0.875 -0.679 15.148 159 148 154 -0.035572 -0.987997 -0.150322
-0.905 -0.679 15.156 151 145 129 -0.041177 -0.982370 -0.182356
-0.900 -0.681 15.162 158 154 143 -0.030837 -0.987915 -0.151899
-0.909 -0.680 15.162 169 161 150 -0.035424 -0.988441 -0.147409
-0.926 -0.678 15.157 157 152 133 -0.030788 -0.988643 -0.147099
-0.921 -0.680 15.165 153 151 128 -0.023835 -0.988597 -0.148687
-0.860 -0.681 15.148 167 155 143 -0.033460 -0.986489 -0.160377
-0.928 -0.679 15.160 164 155 140 -0.033320 -0.986971 -0.157410
-0.864 -0.681 15.148 154 149 130 -0.038243 -0.986200 -0.161083
-0.922 -0.680 15.162 161 153 140 -0.040805 -0.985160 -0.166719
-0.913 -0.679 15.160 161 154 136 -0.043067 -0.985885 -0.161792
-0.869 -0.681 15.153 161 154 146 -0.030366 -0.990839 -0.131587
-0.894 -0.679 15.153 154 144 132 -0.033257 -0.987383 -0.154816
-0.928 -0.681 15.166 167 166 146 -0.038447 -0.984475 -0.171264
-0.892 -0.679 15.156 164 149 142 -0.033193 -0.987787 -0.152231
-0.900 -0.680 15.157 164 150 139 -0.041195 -0.982789 -0.180080
-0.867 -0.680 15.151 162 156 134 -0.051907 -0.976572 -0.208834
-0.903 -0.681 15.164 167 161 147 -0.049223 -0.978458 -0.200494
-0.932 -0.678 15.152 155 153 138 -0.041117 -0.983281 -0.177390
-0.878 -0.680 15.152 163 154 139 -0.046107 -0.982424 -0.180880
-0.918 -0.680 15.161 158 150 131 -0.037937 -0.987514 -0.152898
-0.927 -0.678 15.153 159 142 135 -0.043298 -0.984141 -0.172020
-0.888 -0.679 15.152 153 151 138 -0.040557 -0.986110 -0.161068
-0.884 -0.680 15.153 147 149 128 -0.038010 -0.987105 -0.155495
-0.896 -0.680 15.157 153 147 133 -0.032886 -0.989995 -0.137216
-0.932 -0.676 15.142 152 151 133 -0.038156 -0.986263 -0.160716
-0.883 -0.680 15.152 149 150 132 -0.038301 -0.985386 -0.165972
-0.895 -0.681 15.161 163 155 142 -0.035983 -0.985471 -0.165986
-0.918 -0.678 15.156 164 151 135 -0.046521 -0.979335 -0.196821
-0.856 -0.679 15.139 159 155 143 -0.046543 -0.979792 -0.194526
-0.887 -0.680 15.157 162 156 142 -0.046521 -0.979335 -0.196821
-0.873 -0.680 15.152 154 153 148 -0.031084 -0.986624 -0.160024
-0.932 -0.680 15.160 163 149 146 -0.040092 -0.988549 -0.145476
-0.922 -0.677 15.151 154 152 137 -0.030375 -0.991130 -0.129376
-0.914 -0.678 15.156 158 145 136 -0.032823 -0.990344 -0.134687
-0.860 -0.678 15.139 164 161 144 -0.031013 -0.986685 -0.159661
-0.915 -0.679 15.163 168 156 142 -0.038010 -0.987105 -0.155495
-0.870 -0.679 15.143 157 152 148 -0.035846 -0.986347 -0.160730
-0.869 -0.680 15.148 150 149 147 -0.028165 -0.990265 -0.136316
-0.858 -0.679 15.142 164 158 146 -0.025863 -0.990669 -0.133813
-0.935 -0.678 15.147 154 150 138 -0.030552 -0.990111 -0.136918
-0.892 -0.680 15.162 159 149 147 -0.025614 -0.992274 -0.121389
-0.878 -0.681 15.157 163 158 139 -0.023420 -0.991465 -0.128255
-0.880 -0.680 15.154 166 150 135 -0.026013 -0.989614 -0.141374
-0.942 -0.680 15.145 153 143 131 -0.023872 -0.987866 -0.153466
-0.949 -0.680 15.138 157 153 142 -0.026163 -0.988489 -0.149013
-0.946 -0.680 15.142 152 146 132 -0.030906 -0.987860 -0.152243
-0.939 -0.680 15.153 164 155 150 -0.026513 -0.985576 -0.167144
-0.946 -0.679 15.138 167 159 146 -0.033320 -0.986971 -0.157410
-0.941 -0.680 15.148 155 149 137 -0.035220 -0.989561 -0.139743
-0.940 -0.679 15.142 153 145 132 -0.033014 -0.989273 -0.142300
-0.941 -0.679 15.139 153 143 131 -0.035436 -0.988772 -0.145172
-0.829 -0.679 15.135 162 163 147 -0.033130 -0.988183 -0.149655
-0.857 -0.680 15.145 158 150 137 -0.030847 -0.988255 -0.149666
-0.837 -0.679 15.139 163 150 144 -0.028554 -0.987982 -0.151909
-0.846 -0.680 15.139 160 155 149 -0.033587 -0.985617 -0.165621
-0.842 -0.680 15.139 160 154 132 -0.046261 -0.980964 -0.188601
-0.846 -0.680 15.144 161 148 140 -0.046194 -0.981917 -0.183591
-0.813 -0.679 15.129 157 154 137 -0.046456 -0.980338 -0.191779
-0.833 -0.679 15.135 159 150 145 -0.043728 -0.982106 -0.183185
-0.828 -0.680 15.140 156 155 135 -0.043397 -0.984068 -0.172417
-0.824 -0.680 15.135 156 157 139 -0.033715 -0.984711 -0.170900
-0.851 -0.679 15.139 159 149 139 -0.031202 -0.985757 -0.165256
-0.806 -0.680 15.131 164 157 139 -0.026054 -0.988922 -0.146129
-0.851 -0.680 15.143 166 156 147 -0.028273 -0.989554 -0.141365
-0.820 -0.679 15.135 156 157 143 -0.028544 -0.987637 -0.154140
-0.816 -0.680 15.135 166 152 139 -0.030954 -0.987103 -0.157065
-0.856 -0.680 15.144 156 150 134 -0.038023 -0.987456 -0.153246
-0.838 -0.679 15.135 165 155 146 -0.041117 -0.983281 -0.177390
-0.833 -0.680 15.140 158 149 144 -0.040494 -0.986896 -0.156191
-0.828 -0.679 15.131 158 151 143 -0.048117 -0.984642 -0.167823
-0.858 -0.680 15.146 160 150 138 -0.040883 -0.984704 -0.169374
