-1.294 -0.673 15.856 156 149 140 -0.577350 -0.577350 -0.577350
-1.318 -0.673 15.876 171 167 156 -0.577350 -0.577350 -0.577350
-1.302 -0.674 15.859 145 146 132 -0.577350 -0.577350 -0.577350
-1.320 -0.674 15.872 166 163 146 -0.577350 -0.577350 -0.577350
-1.304 -0.672 15.865 142 128 117 -0.577350 -0.577350 -0.577350
-1.307 -0.670 15.861 118 109 102 -0.577350 -0.577350 -0.577350
-1.328 -0.674 15.876 167 171 157 -0.577350 -0.577350 -0.577350
-1.309 -0.671 15.864 125 114 112 -0.577350 -0.577350 -0.577350
-1.324 -0.674 15.873 175 162 154 -0.577350 -0.577350 -0.577350
-1.297 -0.673 15.860 148 149 141 -0.577350 -0.577350 -0.577350
-1.302 -0.673 15.863 141 137 128 -0.577350 -0.577350 -0.577350
-1.305 -0.673 15.858 122 114 103 -0.577350 -0.577350 -0.577350
-1.295 -0.672 15.862 167 160 154 -0.577350 -0.577350 -0.577350
-1.323 -0.673 15.877 162 151 149 -0.577350 -0.577350 -0.577350
-1.333 -0.675 15.882 163 169 159 -0.577350 -0.577350 -0.577350
-1.296 -0.673 15.864 164 157 152 -0.577350 -0.577350 -0.577350
-1.311 -0.672 15.869 142 128 128 -0.577350 -0.577350 -0.577350
-1.287 -0.672 15.856 164 157 149 -0.577350 -0.577350 -0.577350
-1.314 -0.673 15.865 155 150 147 -0.577350 -0.577350 -0.577350
-1.292 -0.672 15.854 152 148 137 -0.577350 -0.577350 -0.577350
-1.313 -0.673 15.872 157 136 141 -0.577350 -0.577350 -0.577350
-1.310 -0.672 15.872 149 139 129 -0.577350 -0.577350 -0.577350
-1.293 -0.672 15.860 161 157 148 -0.577350 -0.577350 -0.577350
-1.296 -0.673 15.856 153 149 143 -0.577350 -0.577350 -0.577350
-1.329 -0.674 15.881 161 172 156 -0.577350 -0.577350 -0.577350
-1.314 -0.673 15.870 164 152 154 -0.577350 -0.577350 -0.577350
-1.304 -0.672 15.869 155 152 145 -0.577350 -0.577350 -0.577350
-1.347 -0.674 15.890 170 164 150 -0.577350 -0.577350 -0.577350
-1.339 -0.675 15.885 156 156 146 -0.577350 -0.577350 -0.577350
-1.331 -0.675 15.876 163 165 151 -0.577350 -0.577350 -0.577350
-1.346 -0.674 15.885 157 155 143 -0.577350 -0.577350 -0.577350
-1.333 -0.676 15.878 160 162 148 -0.577350 -0.577350 -0.577350
-1.338 -0.675 15.881 152 152 140 -0.577350 -0.577350 -0.577350
-1.333 -0.674 15.885 170 166 163 -0.577350 -0.577350 -0.577350
-1.350 -0.675 15.886 157 149 136 -0.577350 -0.577350 -0.577350
-1.334 -0.675 15.880 158 162 147 -0.577350 -0.577350 -0.577350
-1.342 -0.674 15.889 178 171 161 -0.577350 -0.577350 -0.577350
-1.343 -0.674 15.886 164 162 147 -0.577350 -0.577350 -0.577350
-1.337 -0.674 15.886 161 161 153 -0.577350 -0.577350 -0.577350
