-1.669 -0.668 15.339 135 138 121 -0.115030 -0.978371 -0.171926
-1.686 -0.667 15.354 106 105 100 -0.110868 -0.975388 -0.190593
-1.710 -0.667 15.355 136 115 114 -0.076181 -0.980680 -0.180174
-1.675 -0.665 15.332 119 114 94 -0.113381 -0.975576 -0.188138
-1.711 -0.667 15.363 134 127 108 -0.067286 -0.985677 -0.154639
-1.678 -0.668 15.346 140 134 118 -0.101524 -0.979769 -0.172469
-1.665 -0.673 15.332 66 75 48 -0.105393 -0.982457 -0.153850
-1.665 -0.668 15.330 92 83 76 -0.104238 -0.979836 -0.170460
-1.678 -0.668 15.341 125 123 100 -0.101365 -0.980679 -0.167314
-1.683 -0.668 15.351 133 125 122 -0.110485 -0.976981 -0.182486
-1.671 -0.666 15.332 119 125 97 -0.125699 -0.971311 -0.201880
-1.661 -0.668 15.336 147 142 122 -0.118930 -0.975224 -0.186532
-1.696 -0.666 15.347 134 130 105 -0.115157 -0.970607 -0.211332
-1.671 -0.668 15.337 120 126 98 -0.125634 -0.970810 -0.204314
-1.686 -0.667 15.343 132 120 96 -0.127947 -0.971634 -0.198887
-1.664 -0.674 15.332 81 75 51 -0.118172 -0.976475 -0.180368
-1.678 -0.666 15.336 122 114 95 -0.118406 -0.975916 -0.183218
-1.711 -0.667 15.359 131 121 120 -0.080583 -0.982628 -0.167179
-1.697 -0.667 15.355 133 120 129 -0.073651 -0.987860 -0.136781
-1.692 -0.667 15.346 130 124 108 -0.073087 -0.989570 -0.124131
-1.686 -0.667 15.350 137 133 132 -0.083406 -0.987948 -0.130395
-1.708 -0.668 15.363 127 120 110 -0.066210 -0.988507 -0.135905
-1.683 -0.667 15.339 130 108 94 -0.102169 -0.984430 -0.143037
-1.678 -0.668 15.350 140 130 118 -0.100321 -0.982662 -0.155921
-1.667 -0.667 15.332 104 105 87 -0.094511 -0.984589 -0.147150
-1.689 -0.668 15.357 96 98 77 -0.095685 -0.982290 -0.161091
-1.675 -0.668 15.342 131 135 120 -0.111822 -0.979365 -0.168347
-1.710 -0.665 15.351 124 114 105 -0.074411 -0.986238 -0.147640
-1.681 -0.666 15.336 121 101 92 -0.109566 -0.978706 -0.173582
-1.681 -0.668 15.346 140 121 114 -0.115894 -0.975752 -0.185679
-1.657 -0.675 15.332 62 67 61 -0.112316 -0.978751 -0.171559
-1.714 -0.667 15.363 138 124 123 -0.067682 -0.984356 -0.162674
-1.674 -0.667 15.336 122 132 107 -0.101925 -0.978726 -0.178062
-1.694 -0.668 15.358 99 100 86 -0.091666 -0.978996 -0.182110
-1.688 -0.668 15.346 130 129 99 -0.116350 -0.974589 -0.191415
-1.670 -0.669 15.344 142 134 132 -0.105272 -0.977172 -0.184536
-1.682 -0.668 15.353 131 130 110 -0.099450 -0.978537 -0.180483
-1.701 -0.667 15.349 114 113 57 -0.087989 -0.982339 -0.165129
-1.725 -0.667 15.364 122 118 80 -0.057544 -0.985294 -0.160888
-1.701 -0.668 15.359 138 129 124 -0.077702 -0.983828 -0.161381
-1.707 -0.667 15.355 133 121 105 -0.069935 -0.985016 -0.157650
-1.693 -0.668 15.350 141 138 129 -0.101725 -0.979253 -0.175260
-1.675 -0.668 15.346 145 136 127 -0.109612 -0.979121 -0.171192
-1.712 -0.666 15.354 131 121 109 -0.066181 -0.980677 -0.184102
-1.660 -0.669 15.333 141 120 103 -0.134176 -0.969904 -0.203181
-1.697 -0.667 15.351 145 131 130 -0.091707 -0.979429 -0.179745
-1.702 -0.668 15.353 130 131 99 -0.076911 -0.985648 -0.150273
-1.705 -0.666 15.349 134 117 109 -0.069089 -0.987158 -0.144034
-1.729 -0.667 15.365 115 120 90 -0.066473 -0.987760 -0.141109
-1.724 -0.666 15.359 123 118 86 -0.062634 -0.984425 -0.164268
-1.707 -0.668 15.359 129 121 108 -0.066758 -0.987315 -0.144057
-1.689 -0.669 15.360 113 107 95 -0.084247 -0.986047 -0.143576
-1.697 -0.668 15.359 121 112 117 -0.076455 -0.986863 -0.142325
-1.694 -0.668 15.355 124 125 120 -0.082515 -0.984200 -0.156659
-1.692 -0.666 15.342 136 129 113 -0.090058 -0.983436 -0.157302
-1.720 -0.666 15.358 115 118 97 -0.064634 -0.985963 -0.153947
-1.714 -0.667 15.359 129 118 114 -0.072605 -0.984332 -0.160683
-1.723 -0.666 15.362 125 122 91 -0.068078 -0.982952 -0.170792
-1.657 -0.668 15.332 129 129 101 0.141172 0.964894 0.221472
-1.675 -0.668 15.349 150 136 125 -0.094890 -0.983731 -0.152544
-1.718 -0.667 15.363 138 126 112 -0.070895 -0.981719 -0.176637
-1.667 -0.668 15.337 128 126 113 0.112539 0.978227 0.174374
-1.771 -0.666 15.336 166 162 151 -0.062756 -0.983965 -0.166954
-1.773 -0.664 15.340 148 149 133 -0.064760 -0.985536 -0.156603
-1.767 -0.665 15.341 160 150 141 -0.056765 -0.988167 -0.142491
-1.776 -0.664 15.340 132 136 121 -0.056672 -0.988861 -0.137631
-1.769 -0.662 15.342 127 120 92 -0.056876 -0.987782 -0.145091
-1.726 -0.666 15.358 116 113 98 -0.048626 -0.991734 -0.118737
-1.655 -0.669 15.325 66 77 71 -0.113838 -0.980473 -0.160352
-1.678 -0.665 15.331 114 103 97 -0.108914 -0.980227 -0.165207
-1.659 -0.675 15.327 79 76 67 -0.094544 -0.984933 -0.144808
-1.653 -0.668 15.324 55 65 57 -0.100157 -0.983471 -0.150839
-1.742 -0.665 15.358 118 120 107 -0.060489 -0.983242 -0.171978
-1.667 -0.663 15.322 125 121 94 -0.097144 -0.984634 -0.145117
-1.756 -0.663 15.351 121 129 114 -0.067656 -0.983973 -0.164985
-1.749 -0.665 15.358 120 110 85 -0.065292 -0.984128 -0.165011
-1.663 -0.669 15.327 28 35 19 -0.098906 -0.980515 -0.169728
-1.755 -0.664 15.354 120 114 98 -0.064530 -0.986728 -0.149007
-1.762 -0.663 15.345 141 131 132 -0.064508 -0.986381 -0.151300
-1.662 -0.667 15.327 89 70 64 -0.113210 -0.976596 -0.182878
-1.653 -0.668 15.327 68 65 58 -0.107086 -0.978545 -0.176015
-1.673 -0.662 15.325 121 116 110 -0.097144 -0.984634 -0.145117
-1.653 -0.677 15.319 119 108 106 -0.118998 -0.980201 -0.158255
-1.662 -0.671 15.323 116 108 87 -0.110708 -0.981770 -0.154504
-1.686 -0.665 15.337 118 111 82 -0.125687 -0.976874 -0.172975
-1.664 -0.667 15.326 53 42 38 -0.106495 -0.980485 -0.165250
-1.659 -0.671 15.320 125 108 92 -0.136685 -0.969568 -0.203111
-1.740 -0.665 15.355 126 124 111 -0.068953 -0.987547 -0.141412
-1.654 -0.679 15.325 115 106 97 -0.130310 -0.972895 -0.191037
-1.747 -0.665 15.356 127 109 85 -0.062171 -0.986527 -0.151322
-1.736 -0.665 15.355 120 118 97 -0.061077 -0.989903 -0.127915
-1.742 -0.664 15.350 121 113 100 -0.068292 -0.989656 -0.126167
-1.657 -0.668 15.325 103 105 84 -0.108740 -0.981100 -0.160055
-1.761 -0.663 15.349 114 104 105 -0.064129 -0.987583 -0.143415
-1.664 -0.669 15.324 57 80 54 -0.115489 -0.977307 -0.177579
-1.724 -0.666 15.355 112 109 94 -0.073002 -0.982539 -0.171137
-1.642 -0.679 15.315 177 175 152 -0.112713 -0.977262 -0.179598
-1.660 -0.670 15.328 67 62 42 -0.102958 -0.982336 -0.156253
-1.661 -0.674 15.328 86 76 66 -0.111420 -0.980744 -0.160396
-1.733 -0.665 15.362 124 118 122 -0.060696 -0.990606 -0.122537
-1.683 -0.664 15.333 109 98 66 -0.116814 -0.980004 -0.161080
-1.670 -0.664 15.326 123 121 98 -0.125938 -0.976334 -0.175815
-1.772 -0.664 15.345 109 103 67 -0.068976 -0.987870 -0.139120
-1.656 -0.671 15.327 58 63 66 -0.110973 -0.981682 -0.154874
-1.768 -0.663 15.345 131 125 93 -0.064530 -0.986728 -0.149007
-1.732 -0.665 15.354 137 122 115 -0.056987 -0.987389 -0.147701
-1.759 -0.663 15.354 103 116 99 -0.055324 -0.992444 -0.109519
-1.737 -0.666 15.359 127 129 108 -0.059325 -0.987592 -0.145405
-1.673 -0.664 15.329 124 117 101 -0.122895 -0.971759 -0.201447
-1.749 -0.664 15.351 110 109 104 -0.062415 -0.985684 -0.156626
-1.666 -0.667 15.326 66 56 46 -0.104031 -0.980338 -0.167673
-1.745 -0.665 15.358 119 113 89 -0.068182 -0.982055 -0.175837
-1.656 -0.667 15.328 107 107 83 -0.100521 -0.982204 -0.158654
-1.718 -0.665 15.352 115 120 97 -0.069499 -0.985941 -0.151955
-1.750 -0.665 15.356 112 113 97 -0.062392 -0.985318 -0.158922
-1.653 -0.671 15.328 60 58 59 -0.111868 -0.979767 -0.165958
-1.769 -0.664 15.349 120 115 83 -0.061906 -0.986997 -0.148342
-1.746 -0.663 15.350 127 107 96 -0.059345 -0.987924 -0.143127
-1.713 -0.665 15.350 114 108 86 -0.080741 -0.982145 -0.169917
-1.696 -0.664 15.342 123 132 79 -0.104400 -0.978903 -0.175638
-1.702 -0.665 15.345 128 118 108 -0.105065 -0.977725 -0.181701
-1.766 -0.664 15.346 133 127 103 -0.059695 -0.986731 -0.150994
-1.730 -0.666 15.358 120 114 90 -0.057566 -0.985664 -0.158599
-1.729 -0.665 15.354 128 115 96 -0.057655 -0.984848 -0.163553
-1.663 -0.667 15.322 59 65 51 -0.126190 -0.975784 -0.178665
-1.706 -0.665 15.346 127 112 107 -0.075266 -0.983239 -0.166063
-1.653 -0.679 15.327 106 95 75 -0.097890 -0.982524 -0.158316
-1.733 -0.665 15.358 135 123 127 -0.054437 -0.987966 -0.144778
-1.646 -0.679 15.320 171 162 155 -0.090989 -0.981470 -0.168633
-1.656 -0.674 15.324 75 79 65 -0.100761 -0.982118 -0.159033
-1.737 -0.666 15.363 124 125 109 -0.059112 -0.988677 -0.137928
-1.650 -0.679 15.325 135 138 111 0.079586 0.990787 0.109575
-1.655 -0.678 15.329 84 79 76 -0.102789 -0.983150 -0.151161
-1.720 -0.664 15.351 113 112 92 -0.061806 -0.987728 -0.143436
-1.760 -0.663 15.351 129 127 112 -0.059112 -0.988677 -0.137928
-1.655 -0.675 15.323 100 92 81 -0.108303 -0.982032 -0.154545
-1.661 -0.668 15.317 79 87 64 -0.109176 -0.980131 -0.165604
