-1.124 -0.676 14.445 130 127 120 0.043969 0.999020 -0.005113
-1.127 -0.675 14.441 141 143 132 0.025168 0.999671 0.005034
-1.118 -0.676 14.468 145 141 130 0.023109 0.999708 -0.007033
-1.116 -0.675 14.472 141 148 141 0.021142 0.999735 -0.009061
-1.127 -0.676 14.458 153 148 142 0.008884 0.999956 -0.002961
-1.113 -0.677 14.442 135 134 116 0.010901 0.999928 -0.004955
-1.119 -0.676 14.467 148 139 124 0.010966 0.999900 -0.008972
-1.124 -0.676 14.458 167 161 161 0.008884 0.999956 -0.002961
-1.127 -0.675 14.445 142 144 133 0.000983 0.999976 -0.006883
-1.114 -0.675 14.445 126 124 125 0.000981 0.999987 -0.004907
-1.119 -0.675 14.458 142 144 141 0.021016 0.999775 0.003002
-1.122 -0.674 14.475 129 131 120 0.031392 0.999482 -0.007089
-1.123 -0.676 14.440 126 127 122 0.019015 0.999807 -0.005004
-1.114 -0.676 14.441 136 133 118 0.020974 0.999780 -0.000999
-1.118 -0.677 14.440 134 128 128 0.014953 0.999876 -0.004984
-1.127 -0.675 14.454 129 131 126 0.010880 0.999936 -0.002967
-1.117 -0.676 14.463 147 136 134 0.016913 0.999852 -0.002985
-1.123 -0.675 14.472 132 133 128 0.010880 0.999940 -0.000989
-1.114 -0.675 14.449 136 138 125 0.031266 0.999511 0.001009
-1.118 -0.676 14.458 136 144 131 0.019015 0.999807 0.005004
-1.119 -0.675 14.444 134 133 129 0.031266 0.999511 0.001009
-1.119 -0.676 14.471 142 143 145 0.031266 0.999511 -0.001009
-1.123 -0.676 14.453 147 137 136 0.029310 0.999558 -0.005053
-1.128 -0.675 14.466 152 151 149 0.029251 0.999568 -0.003026
-1.127 -0.675 14.449 132 128 119 0.039643 0.999209 -0.003049
-1.112 -0.677 14.436 144 136 134 0.031266 0.999511 -0.001009
-1.115 -0.677 14.436 139 127 113 0.012960 0.999876 -0.008972
-1.128 -0.675 14.462 162 154 151 0.008919 0.999936 -0.006937
-1.117 -0.675 14.455 135 138 131 0.002950 0.999984 -0.004916
-1.119 -0.676 14.463 145 145 133 -0.000979 0.999999 -0.000979
-1.127 -0.675 14.437 137 138 122 -0.023109 0.999708 -0.007033
-1.117 -0.676 14.448 125 131 131 -0.027235 0.999616 -0.005043
-1.122 -0.675 14.463 147 147 135 0.019015 0.999795 -0.007006
-1.119 -0.675 14.454 131 131 131 0.027180 0.999626 -0.003020
-1.123 -0.676 14.436 131 131 131 0.004916 0.999987 0.000983
-1.116 -0.676 14.444 131 133 128 0.033281 0.999445 0.001009
-1.123 -0.676 14.449 127 127 119 0.021016 0.999775 -0.003002
-1.118 -0.677 14.436 121 128 112 0.006896 0.999976 -0.000985
-1.118 -0.676 14.449 122 128 128 0.004936 0.999976 -0.004936
-1.122 -0.675 14.467 138 142 128 0.039563 0.999217 -0.001014
-1.132 -0.673 14.199 139 138 133 0.042012 0.999075 -0.009222
-1.113 -0.671 14.240 142 141 137 -0.033551 0.999412 -0.007117
-1.148 -0.671 14.185 130 132 121 0.027071 0.999633 -0.001003
-1.153 -0.671 14.163 148 145 130 0.046482 0.998854 -0.011362
-1.123 -0.676 14.427 130 135 129 0.052343 0.998629 -0.001026
-1.144 -0.671 14.194 131 127 124 0.087215 0.995979 -0.020458
-1.131 -0.674 14.202 137 143 129 0.049244 0.998496 -0.024098
-1.117 -0.675 14.365 133 132 127 -0.010966 0.999880 0.010966
-1.118 -0.674 14.338 126 111 106 -0.055403 0.998306 0.017771
-1.112 -0.675 14.379 135 128 120 0.008937 0.999920 0.008937
-1.153 -0.671 14.172 135 127 124 0.064270 0.997772 -0.017911
-1.109 -0.673 14.309 133 125 114 -0.042615 0.998853 0.021827
-1.121 -0.674 14.312 128 126 113 -0.049041 0.998556 0.021912
-1.139 -0.672 14.212 118 112 90 -0.007130 0.999264 0.037689
-1.112 -0.676 14.410 143 135 132 0.023155 0.999691 0.009061
-1.111 -0.677 14.341 134 128 112 -0.009061 0.999735 0.021142
-1.142 -0.671 14.167 134 133 131 0.029428 0.999525 -0.009133
-1.127 -0.671 14.242 135 131 120 0.029785 0.999324 -0.021568
-1.136 -0.671 14.214 135 127 114 0.030267 -0.998796 -0.038616
-1.126 -0.671 14.261 140 138 141 0.027563 0.999432 -0.019397
-1.114 -0.673 14.317 138 137 132 -0.019359 0.999538 0.023435
-1.114 -0.676 14.343 125 124 104 0.019243 0.999630 0.019243
-1.113 -0.675 14.427 151 150 146 0.031266 0.999507 0.003026
-1.139 -0.673 14.199 124 126 121 0.031266 0.999507 -0.003026
-1.127 -0.676 14.230 126 122 119 -0.015192 0.999613 -0.023294
-1.118 -0.674 14.383 122 112 110 0.013037 0.999830 0.013037
-1.118 -0.676 14.405 127 120 112 0.015043 0.999826 0.011031
-1.126 -0.672 14.251 143 144 139 -0.025523 0.999486 -0.019398
-1.124 -0.674 14.227 124 125 119 0.005073 0.999356 -0.035510
-1.113 -0.673 14.326 153 146 140 -0.027731 0.999336 0.023623
-1.118 -0.676 14.389 123 121 122 0.019129 0.999756 0.011075
-1.139 -0.670 14.181 112 96 83 0.035439 0.999367 -0.003038
-1.139 -0.671 14.185 95 104 77 0.048543 0.998756 -0.011361
-1.148 -0.670 14.164 135 141 131 0.037842 0.999241 -0.009205
-1.131 -0.673 14.226 129 126 121 0.003002 0.999775 -0.021016
-1.128 -0.674 14.226 126 124 112 -0.001005 0.999632 -0.027126
-1.113 -0.674 14.365 141 137 136 -0.017115 0.999739 0.015102
-1.126 -0.671 14.220 131 134 115 -0.063873 0.997892 -0.011518
-1.131 -0.674 14.181 152 154 151 0.012908 0.999912 -0.002979
-1.131 -0.674 14.177 150 151 146 -0.002944 0.999991 0.002944
-1.113 -0.675 14.392 145 148 137 -0.002991 0.999852 0.016947
-1.131 -0.678 14.234 131 114 106 -0.029428 0.999525 -0.009133
-1.110 -0.676 14.400 148 144 135 0.004984 0.999876 0.014953
-1.113 -0.675 14.423 148 140 127 0.008884 0.999956 -0.002961
-1.136 -0.673 14.199 116 113 96 0.049143 0.998550 -0.021958
-1.134 -0.672 14.220 125 118 100 0.040536 0.998840 -0.025984
-1.127 -0.677 14.233 131 129 116 -0.007047 0.999707 -0.023155
-1.135 -0.672 14.189 134 135 121 0.040209 0.999038 -0.017527
-1.113 -0.673 14.313 109 101 98 -0.013140 0.999688 0.021227
-1.116 -0.677 14.231 129 131 120 -0.015312 0.999382 -0.031645
-1.144 -0.671 14.184 139 137 140 0.010923 0.999916 -0.006951
-1.110 -0.674 14.357 139 140 124 -0.000995 0.999821 0.018902
-1.113 -0.671 14.219 136 136 126 -0.009169 0.999393 -0.033619
-1.122 -0.672 14.247 140 139 121 -0.027620 0.999430 -0.019436
-1.132 -0.673 14.211 136 138 127 -0.058681 0.997578 0.037342
-1.140 -0.672 14.194 133 126 120 0.031329 0.999505 -0.003032
-1.123 -0.676 14.229 131 128 111 -0.037996 0.999189 -0.013350
-1.136 -0.672 14.220 122 123 105 0.021311 -0.999587 -0.019281
-1.114 -0.676 14.233 135 145 136 -0.011162 0.999505 -0.029427
-1.121 -0.671 14.221 136 138 137 0.003032 0.999439 -0.033348
-1.135 -0.672 14.186 131 116 111 0.000999 0.999780 -0.020974
-1.118 -0.673 14.287 151 152 136 -0.025522 0.999444 0.021439
-1.113 -0.675 14.404 135 138 121 0.016980 0.999843 0.004994
-1.130 -0.671 14.215 144 136 134 -0.017459 0.999273 0.033891
-1.114 -0.675 14.387 133 136 125 0.021184 0.999690 0.013114
-1.119 -0.675 14.427 129 135 133 0.010880 0.999936 -0.002967
-1.118 -0.673 14.300 107 110 101 -0.036233 0.999008 0.025881
-1.130 -0.673 14.208 149 146 137 -0.019205 0.999668 -0.017183
-1.122 -0.672 14.277 150 146 145 -0.027344 0.999584 0.009115
-1.112 -0.675 14.335 134 129 123 -0.046576 0.998794 0.015525
-1.110 -0.676 14.396 144 143 141 0.017081 0.999769 0.013062
-1.113 -0.675 14.400 150 145 141 -0.015012 0.999827 0.011009
-1.112 -0.672 14.242 158 150 148 -0.031710 0.999379 -0.015344
-1.110 -0.673 14.237 148 147 145 -0.048248 0.998831 -0.003080
-1.135 -0.674 14.172 127 118 89 0.023017 0.999735 -0.001001
-1.108 -0.676 14.344 134 120 117 -0.002991 0.999852 0.016947
-1.116 -0.676 14.404 155 142 134 0.011031 0.999826 0.015043
-1.118 -0.676 14.418 133 122 128 0.016980 0.999831 0.006992
-1.143 -0.670 14.176 135 130 126 0.025067 0.999685 -0.001003
-1.113 -0.673 14.309 105 107 86 -0.000999 0.999736 0.022971
-1.144 -0.672 14.190 129 127 115 0.039723 0.999198 -0.005093
-1.119 -0.675 14.423 135 129 133 0.027071 0.999633 -0.001003
-1.132 -0.675 14.229 115 108 100 -0.053758 0.998206 -0.026352
-1.115 -0.676 14.236 130 126 125 0.000995 0.999821 -0.018902
-1.118 -0.677 14.230 128 124 121 -0.027841 0.999165 -0.029903
-1.123 -0.676 14.423 127 132 126 0.050296 0.998730 -0.003079
-1.118 -0.676 14.409 137 134 129 0.044420 0.998923 0.013429
-1.113 -0.674 14.357 125 131 117 0.011053 0.999757 0.019091
-1.109 -0.674 14.366 136 141 137 0.009007 0.999815 0.017014
-1.118 -0.674 14.374 125 128 117 0.008937 0.999920 0.008937
-1.113 -0.673 14.238 134 137 130 -0.008955 0.999920 -0.008955
-1.130 -0.670 14.242 132 131 129 -0.025574 0.999442 -0.021482
-1.128 -0.678 14.236 120 119 101 -0.023248 0.999668 -0.011119
-1.141 -0.672 14.195 136 132 121 0.018902 0.999821 -0.000995
-1.123 -0.677 14.237 126 120 104 -0.037996 0.999189 -0.013350
-1.122 -0.671 14.243 142 138 137 -0.040129 0.999105 -0.013376
-1.139 -0.671 14.176 84 93 74 0.025117 0.999672 -0.005023
-1.118 -0.674 14.348 107 109 87 0.017218 0.999667 0.019244
-1.119 -0.675 14.414 126 122 123 0.014924 0.999876 0.004975
-1.113 -0.674 14.353 122 134 120 0.025523 0.999486 0.019398
-1.127 -0.671 14.265 141 137 125 -0.002944 0.999991 -0.002944
-1.117 -0.673 14.246 153 153 145 -0.013193 0.999591 -0.025370
-1.113 -0.675 14.396 146 142 130 -0.000989 0.999940 0.010880
-1.131 -0.672 14.186 142 148 138 0.020933 0.999780 -0.000997
-1.123 -0.676 14.404 122 121 116 0.006937 0.999936 0.008919
-1.135 -0.674 14.208 127 127 117 -0.008990 -0.999847 -0.014983
-1.117 -0.674 14.308 113 119 109 -0.000999 0.999780 0.020974
-1.127 -0.672 14.256 138 137 132 -0.006978 0.999864 -0.014953
-1.118 -0.673 14.290 146 143 138 -0.027509 0.999505 0.015283
-1.135 -0.674 14.181 99 116 84 0.035798 0.999271 -0.013296
-1.118 -0.676 14.391 126 123 114 0.046388 0.998880 0.009278
-1.118 -0.674 14.334 115 123 102 -0.029724 0.999326 0.021524
-1.142 -0.670 14.181 145 135 134 0.073276 0.997185 -0.015929
-1.139 -0.674 14.207 135 121 120 0.035944 0.999235 -0.015404
-1.135 -0.672 14.217 129 126 121 0.003067 0.998936 0.046010
-1.113 -0.673 14.225 121 127 113 -0.027898 0.999162 -0.029965
-1.122 -0.673 14.225 127 129 118 -0.017390 0.999409 -0.029665
-1.109 -0.674 14.370 142 135 129 0.006978 0.999892 0.012960
-1.143 -0.671 14.173 136 134 135 0.025117 0.999672 -0.005023
-1.117 -0.674 14.357 128 123 119 0.015132 0.999702 0.019167
-1.130 -0.671 14.219 125 121 118 0.000981 0.999987 0.004907
-1.113 -0.675 14.384 136 133 114 0.029605 0.999411 0.017354
-1.122 -0.675 14.388 125 125 123 0.044601 0.998849 0.017633
-1.113 -0.672 14.222 134 134 126 0.009079 0.999690 -0.023202
-1.128 -0.676 14.238 105 84 83 -0.005014 0.999766 -0.021058
-1.109 -0.674 14.362 143 140 133 -0.017218 0.999667 0.019244
-1.124 -0.676 14.413 136 135 133 -0.004936 0.999964 0.006910
-1.117 -0.676 14.398 131 125 127 -0.016980 0.999831 0.006992
-1.121 -0.675 14.227 126 123 108 0.003014 0.999680 -0.025118
-1.131 -0.678 14.236 106 90 77 -0.027344 0.999564 -0.011140
-1.115 -0.675 14.337 121 118 103 -0.057726 0.998133 0.019942
-1.135 -0.674 14.211 144 137 144 -0.017494 0.999198 0.036016
-1.136 -0.672 14.223 128 123 101 -0.013011 0.999855 -0.011009
-1.135 -0.674 14.176 129 115 88 -0.011053 0.999757 0.019091
-1.148 -0.670 14.181 146 145 127 0.018978 0.999815 0.002996
-1.118 -0.674 14.378 139 128 132 -0.002979 0.999885 0.014894
-1.116 -0.676 14.425 136 133 126 0.029309 0.999545 -0.007075
-1.126 -0.672 14.239 83 79 70 0.004975 0.999876 -0.014924
-1.110 -0.676 14.339 133 132 114 -0.009043 0.999736 0.021100
-1.119 -0.677 14.234 129 127 115 -0.009187 0.999319 -0.035726
-1.117 -0.674 14.239 110 112 109 -0.019475 0.999368 -0.029725
-1.117 -0.674 14.317 150 140 138 -0.027619 0.999388 0.021481
-1.118 -0.672 14.243 145 143 131 -0.009025 0.999778 -0.019053
-1.117 -0.673 14.223 133 131 119 -0.003067 0.998936 -0.046010
-1.135 -0.672 14.193 125 122 117 0.023063 0.999730 -0.003008
-1.122 -0.672 14.273 141 142 137 0.010880 0.999940 -0.000989
-1.145 -0.671 14.181 140 137 128 0.033551 0.999412 -0.007117
-1.113 -0.673 14.322 156 149 143 -0.003002 0.999775 0.021016
-1.119 -0.676 14.238 124 130 104 0.021312 0.999624 -0.017252
-1.121 -0.672 14.282 132 134 123 0.015043 0.999826 0.011031
-1.113 -0.675 14.431 124 126 112 0.035439 0.999371 -0.001013
-1.118 -0.676 14.401 136 127 132 0.033755 0.999342 0.013297
-1.134 -0.673 14.183 123 118 115 0.021185 0.999714 -0.011097
-1.131 -0.671 14.247 141 141 131 -0.015192 0.999658 -0.021269
-1.109 -0.673 14.326 146 142 133 -0.031838 0.999303 0.019514
-1.122 -0.675 14.389 113 116 105 -0.000983 0.999976 0.006883
-1.110 -0.677 14.341 139 133 119 -0.029546 0.999476 0.013245
-1.109 -0.673 14.316 154 143 139 -0.044692 0.998806 0.019747
-1.117 -0.674 14.353 130 130 130 0.010987 0.999855 0.012985
-1.113 -0.674 14.371 140 134 122 0.013063 0.999801 0.015072
-1.109 -0.675 14.374 133 129 118 0.006978 0.999892 0.012960
-1.131 -0.671 14.193 148 145 138 0.044149 0.998999 -0.007187
-1.135 -0.672 14.224 107 105 80 0.025831 0.999153 -0.032031
-1.116 -0.676 14.427 136 132 129 0.029192 0.999573 -0.001007
-1.148 -0.670 14.176 125 123 111 0.064140 0.997847 -0.013669
-1.113 -0.674 14.361 138 134 125 0.011031 0.999794 0.017048
-1.139 -0.671 14.173 94 73 70 0.023388 0.999577 -0.017287
-1.123 -0.675 14.400 137 134 125 0.002967 0.999936 0.010880
-1.110 -0.676 14.392 143 143 133 -0.004955 0.999948 0.008919
-1.135 -0.674 14.203 127 127 101 -0.012960 0.999876 0.008972
-1.109 -0.673 14.322 149 150 136 -0.021354 0.999585 0.019321
-1.112 -0.676 14.418 138 145 129 0.035654 0.999339 0.007131
-1.119 -0.675 14.387 112 110 97 0.019091 0.999757 0.011053
-1.118 -0.676 14.385 118 121 110 0.013011 0.999855 0.011009
-1.144 -0.671 14.172 124 120 117 0.062041 0.997913 -0.017876
-1.117 -0.674 14.325 158 147 145 -0.011074 0.999715 0.021142
-1.115 -0.676 14.433 134 132 117 0.016879 0.999857 -0.000993
-1.130 -0.673 14.207 142 146 131 0.031266 0.999507 0.003026
-1.139 -0.671 14.190 128 124 123 0.029369 0.999544 -0.007089
-1.131 -0.672 14.239 69 80 66 0.005004 0.999807 -0.019015
-1.117 -0.676 14.417 139 127 137 0.039885 0.999179 0.007159
-1.109 -0.674 14.330 129 125 116 0.049043 0.998600 0.019826
-1.122 -0.678 14.234 122 131 112 -0.011140 0.999564 -0.027344
-1.122 -0.673 14.291 133 132 127 -0.019205 0.999668 0.017183
-1.118 -0.672 14.220 145 145 135 -0.065745 0.996951 -0.042034
-1.109 -0.674 14.334 140 139 121 -0.042355 0.998948 0.017562
-1.140 -0.674 14.203 122 116 116 -0.012883 0.999913 0.002973
-1.121 -0.673 14.287 139 135 124 -0.055403 0.998306 0.017771
-1.128 -0.678 14.234 122 118 109 -0.040290 0.998995 -0.019629
-1.109 -0.675 14.347 120 124 107 -0.004984 0.999844 0.016947
-1.133 -0.675 14.234 46 37 28 -0.051229 0.998446 -0.021955
-1.130 -0.671 14.189 137 139 136 0.066234 0.997711 -0.013667
-1.132 -0.672 14.223 122 121 117 -0.040536 0.998840 -0.025984
-1.141 -0.672 14.190 115 116 100 0.057255 0.998316 -0.009369
-1.127 -0.673 14.224 132 130 117 -0.038926 0.998399 -0.041030
-1.121 -0.673 14.308 115 118 107 -0.029724 0.999326 0.021524
-1.114 -0.676 14.339 126 116 104 -0.046671 0.998755 0.017631
-1.119 -0.675 14.396 123 124 108 -0.000991 0.999917 0.012883
-1.149 -0.671 14.171 137 137 127 0.050709 0.998649 -0.011384
-1.113 -0.676 14.344 124 127 110 -0.019206 0.999701 0.015162
-1.149 -0.671 14.167 143 137 125 0.039885 0.999179 -0.007159
-1.114 -0.673 14.331 110 118 105 -0.021353 0.999544 0.021353
-1.118 -0.674 14.343 108 112 89 0.002991 0.999852 0.016947
-1.153 -0.671 14.159 138 137 132 0.055292 0.998378 -0.013562
-1.122 -0.672 14.269 146 150 136 -0.006883 0.999976 0.000983
-1.129 -0.673 14.212 152 153 145 -0.025829 0.999085 0.034095
-1.110 -0.674 14.313 131 112 108 -0.017252 0.999579 0.023340
-1.123 -0.675 14.396 143 135 124 0.019167 0.999730 0.013115
-1.123 -0.676 14.419 129 135 135 0.008884 0.999956 0.002961
-1.117 -0.673 14.321 156 148 145 -0.031773 0.999305 0.019474
-1.112 -0.676 14.414 133 133 123 -0.014924 0.999876 0.004975
-1.139 -0.672 14.211 119 101 89 0.057014 -0.997199 -0.048408
-1.117 -0.674 14.314 130 109 104 -0.040454 0.998897 0.023857
-1.137 -0.671 14.177 78 81 50 -0.008955 0.999920 -0.008955
-1.119 -0.676 14.431 143 137 137 -0.012883 0.999913 -0.002973
-1.117 -0.676 14.344 109 113 86 -0.019205 0.999668 0.017183
-1.133 -0.673 14.237 85 72 64 -0.004984 0.999876 -0.014953
-1.113 -0.675 14.228 124 132 119 -0.036016 0.999198 -0.017494
-1.152 -0.671 14.168 137 137 125 0.006910 0.999972 -0.002961
-1.112 -0.675 14.235 149 146 141 -0.033959 0.999232 -0.019552
-1.113 -0.675 14.348 124 120 108 -0.033823 0.999310 0.015374
-1.144 -0.671 14.169 140 135 131 0.019053 0.999778 -0.009025
-1.137 -0.671 14.180 101 79 68 0.015162 0.999701 -0.019206
-1.114 -0.671 14.242 140 140 130 -0.019398 0.999486 -0.025523
-1.118 -0.673 14.282 145 146 140 -0.006951 0.999916 0.010923
-1.109 -0.674 14.352 123 126 115 -0.000997 0.999820 0.018940
-1.122 -0.673 14.239 92 82 73 -0.005023 0.999672 -0.025117
-1.123 -0.676 14.431 139 134 131 0.010880 0.999936 -0.002967
-1.108 -0.671 14.238 154 156 145 0.007006 0.999831 -0.017014
-1.123 -0.676 14.410 126 129 118 0.018978 0.999815 0.002996
-1.109 -0.676 14.387 150 142 139 0.019091 0.999757 0.011053
-1.108 -0.675 14.379 114 127 110 0.029546 0.999476 0.013245
-1.109 -0.676 14.383 129 131 120 0.002973 0.999913 0.012883
-1.112 -0.677 14.433 126 137 123 0.010966 0.999900 -0.008972
-1.117 -0.673 14.304 107 96 100 0.063201 -0.997296 -0.037492
-1.113 -0.674 14.375 133 135 122 0.011031 0.999794 0.017048
-1.122 -0.675 14.392 131 129 114 0.006951 0.999916 0.010923
-1.117 -0.675 14.369 126 136 127 0.023340 0.999579 0.017252
-1.141 -0.672 14.170 132 118 117 0.015072 0.999801 -0.013063
-1.116 -0.674 14.361 133 125 114 -0.029664 0.999371 0.019435
-1.144 -0.671 14.177 146 138 136 0.011119 0.999668 -0.023248
-1.127 -0.671 14.246 137 139 128 -0.017252 0.999624 -0.021312
-1.117 -0.674 14.331 99 112 92 -0.064403 0.997722 0.020060
-1.117 -0.673 14.295 145 141 138 -0.042355 0.998948 0.017562
-1.131 -0.675 14.237 77 58 54 -0.023481 0.999494 -0.021440
-1.117 -0.674 14.484 146 148 137 0.006937 0.999952 -0.006937
-1.117 -0.675 14.480 160 154 156 0.000981 0.999995 -0.002944
-1.116 -0.675 14.476 143 138 132 0.000987 0.999941 -0.010858
-1.108 -0.671 14.242 157 150 144 -0.023481 0.999494 -0.021440
-1.113 -0.672 14.268 166 158 155 -0.010901 0.999936 0.002973
-1.108 -0.671 14.251 150 152 141 -0.049342 0.998380 -0.028345
-1.109 -0.673 14.304 133 123 122 -0.011097 0.999714 0.021185
-1.109 -0.672 14.296 163 154 149 -0.049041 0.998556 0.021912
-1.118 -0.672 14.259 155 156 148 -0.015102 0.999739 -0.017115
-1.122 -0.672 14.260 149 151 138 -0.002990 0.999816 -0.018940
-1.118 -0.672 14.269 155 152 145 -0.020974 0.999776 -0.002996
-1.114 -0.672 14.295 158 153 150 -0.025472 0.999525 0.017321
-1.122 -0.672 14.251 144 144 132 -0.053758 0.998206 -0.026352
-1.113 -0.672 14.287 153 149 138 -0.013063 0.999801 0.015072
-1.108 -0.671 14.264 160 157 152 -0.041842 0.999111 0.005103
-1.109 -0.672 14.282 157 155 142 -0.015132 0.999738 0.017150
-1.113 -0.671 14.256 155 155 145 -0.029250 0.999559 -0.005043
-1.108 -0.672 14.295 159 151 148 -0.017252 0.999624 0.021312
-1.118 -0.672 14.265 160 153 147 -0.004916 0.999987 0.000983
-1.112 -0.672 14.246 155 152 147 -0.006951 0.999936 -0.008937
-1.113 -0.672 14.304 122 123 107 -0.034164 0.999025 0.027952
-1.113 -0.671 14.264 154 156 143 -0.013063 0.999801 -0.015072
-1.108 -0.672 14.291 156 151 145 -0.027563 0.999432 0.019397
-1.112 -0.672 14.269 166 156 155 -0.014894 0.999889 0.000993
-1.114 -0.671 14.252 150 150 142 -0.038694 0.998725 -0.032419
-1.112 -0.673 14.300 127 128 114 -0.042615 0.998853 0.021827
-1.111 -0.672 14.281 165 160 156 -0.042442 0.998944 0.017598
-1.109 -0.672 14.300 138 133 129 -0.027675 0.999385 0.021525
-1.108 -0.671 14.248 152 151 147 -0.029965 0.999162 -0.027898
-1.118 -0.672 14.250 150 151 145 -0.023388 0.999577 -0.017287
-1.111 -0.672 14.285 150 149 144 -0.025523 0.999486 0.019398
-1.112 -0.672 14.276 155 156 150 0.006910 0.999964 0.004936
-1.109 -0.671 14.272 156 156 146 -0.004955 0.999928 0.010901
-1.117 -0.672 14.278 156 157 151 -0.027398 0.999538 0.013192
-1.118 -0.672 14.255 151 154 145 -0.042355 0.998948 -0.017562
-1.108 -0.671 14.261 151 156 149 -0.027126 0.999627 0.003014
-1.108 -0.672 14.299 141 136 133 -0.033959 0.999232 0.019552
-1.113 -0.671 14.247 151 146 142 -0.013011 0.999855 -0.011009
-1.122 -0.672 14.256 161 153 140 -0.019091 0.999757 -0.011053
-1.113 -0.671 14.273 163 163 155 -0.029251 0.999568 0.003026
-1.122 -0.672 14.264 149 141 138 -0.008884 0.999956 -0.002961
-1.113 -0.671 14.260 154 155 147 -0.027180 0.999626 -0.003020
-1.114 -0.672 14.291 150 145 139 -0.023435 0.999538 0.019359
-1.113 -0.672 14.281 160 154 154 -0.023201 0.999669 0.011096
-1.109 -0.671 14.255 156 155 153 -0.029192 0.999569 -0.003020
-1.114 -0.671 14.255 152 152 142 -0.038380 0.998927 -0.025933
-1.114 -0.671 14.261 156 156 144 -0.029309 0.999545 -0.007075
-1.112 -0.672 14.252 160 157 148 -0.013115 0.999730 -0.019167
-1.110 -0.673 14.291 155 151 148 -0.000993 0.999857 0.016879
-1.114 -0.671 14.264 155 156 142 0.006896 0.999972 0.002956
-1.113 -0.672 14.277 156 155 153 -0.002967 0.999956 0.008902
-1.109 -0.672 14.286 159 156 151 -0.019243 0.999630 0.019243
-1.109 -0.672 14.278 155 148 142 -0.012985 0.999875 0.008990
-1.112 -0.672 14.272 158 158 148 -0.031456 0.999480 0.007103
-1.109 -0.672 14.268 166 156 157 -0.018978 0.999815 0.002996
-1.118 -0.672 14.272 156 152 143 -0.008919 0.999948 0.004955
-1.128 -0.675 14.472 159 152 146 -0.002956 0.999984 -0.004926
-1.118 -0.674 14.489 153 153 141 0.016980 0.999831 -0.006992
-1.124 -0.675 14.476 146 148 137 0.004936 0.999976 -0.004936
-1.122 -0.674 14.481 158 150 147 0.006951 0.999916 -0.010923
-1.128 -0.676 14.431 151 141 139 0.016980 0.999831 -0.006992
-1.128 -0.675 14.422 149 144 140 0.018902 0.999821 0.000995
-1.127 -0.675 14.426 139 134 130 0.033281 0.999445 0.001009
-1.122 -0.672 14.211 144 143 139 0.011207 -0.999438 -0.031583
-1.118 -0.671 14.216 150 156 144 -0.000999 0.999736 -0.022971
-1.122 -0.672 14.216 145 148 139 -0.038226 0.999034 -0.021696
-1.116 -0.671 14.209 128 127 122 -0.029427 0.999505 0.011162
-1.125 -0.673 14.203 149 148 146 -0.002950 0.999984 0.004916
-1.122 -0.673 14.202 138 135 130 0.035799 0.999296 -0.011251
-1.128 -0.674 14.200 146 151 144 0.027289 0.999603 0.007075
-1.122 -0.673 14.199 146 135 129 0.004936 0.999976 0.004936
-1.128 -0.674 14.202 146 151 144 0.033281 0.999445 0.001009
-1.126 -0.672 14.211 155 151 142 0.068366 -0.994113 -0.084057
-1.121 -0.672 14.207 142 135 127 0.030632 -0.998190 -0.051758
-1.118 -0.672 14.211 146 147 139 0.011520 -0.998023 -0.061787
-1.118 -0.672 14.206 139 126 117 0.004955 0.999948 0.008919
-1.115 -0.671 14.213 153 156 145 -0.016913 0.999856 -0.000995
-1.117 -0.673 14.203 144 138 114 0.006896 -0.999972 -0.002956
-1.127 -0.673 14.207 158 146 146 0.009025 0.999814 -0.017048
-1.127 -0.671 14.190 140 139 135 0.025218 0.999641 -0.009078
-1.127 -0.672 14.185 154 145 138 0.037918 0.999192 -0.013323
-1.122 -0.671 14.189 157 154 149 0.042013 0.999091 -0.007173
-1.129 -0.674 14.182 137 143 131 0.046292 0.998885 -0.009258
-1.127 -0.671 14.217 132 131 103 0.023763 -0.999063 -0.036161
-1.126 -0.673 14.198 142 143 138 0.009115 0.999584 0.027344
-1.126 -0.672 14.181 150 147 142 0.014953 0.999876 -0.004984
-1.122 -0.672 14.195 148 145 136 0.004907 0.999987 0.000981
-1.116 -0.671 14.216 144 152 141 -0.015588 0.998685 -0.048843
-1.126 -0.671 14.193 139 139 127 0.014924 0.999884 0.002985
-1.122 -0.671 14.185 155 152 147 0.031519 0.999461 0.009151
-1.157 -0.671 14.159 149 149 141 0.012908 0.999904 0.004965
-1.157 -0.671 14.154 149 145 142 0.025218 0.999657 -0.007061
