-2.985 -0.667 14.331 141 145 146 0.006965 0.999916 0.010944
-2.741 -0.667 14.237 162 154 165 -0.021871 -0.998757 -0.044783
-2.869 -0.667 14.316 150 160 159 -0.015557 -0.998789 -0.046672
-2.831 -0.665 14.285 145 144 149 -0.086458 -0.986571 -0.138570
-2.770 -0.665 14.241 147 149 144 -0.076024 -0.988308 -0.132164
-2.873 -0.667 14.316 163 160 155 0.017738 0.998535 0.051127
-2.778 -0.665 14.245 150 142 155 -0.078349 -0.988130 -0.132140
-2.776 -0.666 14.249 167 159 156 -0.078506 -0.987765 -0.134748
-2.793 -0.667 14.264 175 169 169 -0.081021 -0.987523 -0.135036
-2.920 -0.666 14.320 138 144 140 0.004926 0.999976 -0.004926
-2.877 -0.666 14.318 154 148 150 0.017562 0.998948 0.042355
-2.788 -0.666 14.260 177 169 166 -0.069628 -0.991909 -0.106154
-2.744 -0.667 14.225 165 160 166 0.030690 0.997954 0.056089
-2.899 -0.666 14.321 163 163 163 0.019824 0.998496 0.051125
-2.929 -0.666 14.325 131 141 140 0.006992 0.999863 0.014983
-2.850 -0.666 14.297 152 150 163 0.064903 0.991760 0.110449
-2.925 -0.667 14.321 147 149 146 0.006924 0.999952 0.006924
-2.894 -0.667 14.321 158 159 161 -0.024626 -0.996802 -0.076018
-2.933 -0.666 14.322 148 146 151 -0.004916 -0.999987 0.000983
-2.735 -0.666 14.227 154 154 144 -0.042720 -0.995704 -0.082154
-2.987 -0.665 14.325 153 152 150 0.000999 0.999736 -0.022971
-2.964 -0.666 14.324 166 167 169 0.000993 0.999889 -0.014894
-2.992 -0.665 14.328 148 139 144 0.009132 0.999463 0.031455
-2.775 -0.666 14.246 158 154 153 -0.061744 -0.993520 -0.095423
-2.915 -0.665 14.315 174 174 172 0.011250 0.999220 0.037842
-2.845 -0.666 14.290 177 177 179 0.033076 0.997601 0.060816
-2.898 -0.666 14.311 183 182 188 -0.024529 -0.997142 -0.071453
-2.997 -0.665 14.330 143 133 142 0.009078 0.999641 0.025218
-2.860 -0.667 14.307 155 154 160 -0.004907 0.999987 0.000981
-2.773 -0.665 14.241 144 141 150 -0.065181 -0.991431 -0.113208
-3.012 -0.666 14.328 159 155 154 0.001001 0.999686 -0.025017
-2.889 -0.666 14.317 145 148 153 0.022217 0.997668 0.064536
-2.916 -0.666 14.321 140 140 138 0.022530 0.996674 0.078318
-3.013 -0.667 14.331 148 150 147 0.001001 0.999735 -0.023017
-2.768 -0.665 14.237 149 146 153 -0.072481 -0.990578 -0.116200
-2.853 -0.668 14.303 155 152 163 -0.015252 -0.999507 -0.027453
-2.963 -0.665 14.327 139 139 131 0.004955 0.999928 -0.010901
-3.002 -0.666 14.330 156 153 162 0.002985 0.999852 -0.016913
-2.760 -0.665 14.232 131 130 125 0.055006 0.993475 0.099909
-2.971 -0.666 14.329 144 146 141 0.002985 0.999884 -0.014924
-2.813 -0.667 14.277 157 161 146 -0.083548 -0.987273 -0.135323
-2.765 -0.666 14.250 158 149 152 -0.057487 -0.993063 -0.102575
-3.017 -0.666 14.329 143 135 150 0.004965 0.999928 -0.010923
-2.917 -0.667 14.323 147 145 146 0.006937 0.999936 -0.008919
-2.789 -0.665 14.251 153 152 147 -0.072336 -0.990882 -0.113670
-2.910 -0.665 14.313 188 183 187 0.011119 0.999668 0.023248
-2.833 -0.666 14.281 166 166 174 -0.069751 -0.991379 -0.110916
-2.747 -0.667 14.229 163 156 164 0.023952 0.998710 0.044781
-2.815 -0.666 14.268 166 163 174 -0.069611 -0.991666 -0.108410
-2.801 -0.666 14.268 169 162 169 -0.078215 -0.988783 -0.127246
-2.825 -0.666 14.285 160 158 161 -0.078373 -0.988433 -0.129841
-2.746 -0.665 14.224 159 153 157 -0.052650 -0.993624 -0.099698
-2.756 -0.665 14.229 147 146 141 -0.055448 -0.992410 -0.109765
-2.863 -0.667 14.306 148 141 148 0.002979 0.999885 0.014894
-2.828 -0.666 14.279 143 142 148 -0.086111 -0.987328 -0.133295
-2.838 -0.667 14.296 156 150 152 -0.052009 -0.994813 -0.087420
-2.797 -0.667 14.269 157 163 164 -0.089522 -0.984746 -0.149204
-2.806 -0.667 14.278 168 164 163 -0.089554 -0.985094 -0.146869
-2.804 -0.667 14.268 176 167 186 -0.081536 -0.986701 -0.140620
-2.875 -0.666 14.312 133 131 136 0.017633 0.998849 0.044601
-3.006 -0.666 14.330 146 147 151 0.008919 0.999936 0.006937
-2.814 -0.667 14.282 166 160 148 -0.075545 -0.989062 -0.126684
-2.886 -0.667 14.317 145 140 146 -0.033802 -0.995518 -0.088321
-2.792 -0.667 14.259 163 159 158 -0.081184 -0.987147 -0.137659
-2.784 -0.666 14.258 176 167 158 -0.092139 -0.984808 -0.147183
-2.987 -0.665 14.330 143 141 142 -0.009097 -0.999639 -0.025269
-2.777 -0.666 14.254 169 157 157 -0.112268 -0.978333 -0.173953
-2.993 -0.666 14.326 163 156 163 0.002996 0.999776 -0.020974
-2.741 -0.666 14.228 159 148 152 0.015374 0.999310 0.033823
-2.956 -0.666 14.329 130 134 143 0.002956 0.999972 -0.006896
-2.797 -0.667 14.271 161 165 168 -0.088987 -0.985975 -0.141193
-2.983 -0.666 14.326 163 159 160 0.006896 0.999976 -0.000985
-2.949 -0.665 14.325 138 142 151 0.002961 0.999972 -0.006910
-2.905 -0.666 14.313 180 181 185 0.009043 0.999777 0.019091
-2.848 -0.667 14.301 163 153 164 -0.057474 -0.992831 -0.104805
-2.776 -0.666 14.258 161 156 150 0.072336 0.990882 0.113670
-2.834 -0.667 14.294 147 149 148 -0.075871 -0.988664 -0.129565
-2.961 -0.666 14.329 140 138 143 0.013349 0.999109 0.040046
-2.762 -0.666 14.238 145 140 137 -0.076328 -0.987572 -0.137391
-2.884 -0.666 14.312 161 156 163 -0.024674 -0.996623 -0.078314
-2.749 -0.667 14.240 158 147 161 -0.066363 -0.988454 -0.136218
-2.925 -0.667 14.325 139 143 146 0.002950 0.999984 -0.004916
-2.983 -0.666 14.328 152 154 153 -0.011185 -0.999503 -0.029487
-2.831 -0.665 14.290 149 146 153 -0.092139 -0.984808 -0.147183
-2.782 -0.665 14.250 160 149 155 -0.062619 -0.991652 -0.112714
-2.755 -0.666 14.242 167 155 159 0.060834 0.990563 0.122816
-2.948 -0.667 14.327 140 134 144 -0.009096 -0.999586 -0.027289
-2.841 -0.666 14.286 178 175 184 -0.062383 -0.992462 -0.105485
-2.798 -0.665 14.255 164 159 156 -0.089196 -0.985908 -0.141524
-2.740 -0.666 14.232 159 162 155 -0.035708 -0.996569 -0.074662
-2.894 -0.667 14.317 163 167 170 -0.026987 -0.996352 -0.080960
-2.849 -0.665 14.294 161 161 163 0.044817 0.995803 0.079795
-2.912 -0.667 14.321 150 152 151 0.009078 0.999641 0.025218
-2.801 -0.667 14.273 167 164 171 -0.068019 -0.990313 -0.121051
-2.959 -0.665 14.325 155 154 149 -0.011250 -0.999220 -0.037842
-2.836 -0.665 14.285 177 171 181 -0.073233 -0.989233 -0.126706
-2.735 -0.666 14.223 166 153 162 0.035637 0.996742 0.072353
-2.839 -0.665 14.289 162 157 164 -0.072773 -0.989946 -0.121289
-2.757 -0.665 14.233 134 128 128 -0.055337 -0.992687 -0.107287
-2.915 -0.666 14.318 154 159 153 0.009007 0.999815 0.017014
-2.828 -0.666 14.286 144 141 152 -0.054336 -0.994673 -0.087602
-2.854 -0.665 14.299 153 147 159 -0.033407 -0.996830 -0.072203
-2.844 -0.667 14.299 154 141 150 0.030755 0.997945 0.056207
-2.761 -0.666 14.246 157 152 156 -0.054884 -0.993504 -0.099686
-2.903 -0.666 14.316 178 175 182 -0.026982 -0.996175 -0.083105
-2.828 -0.666 14.277 156 156 158 0.059494 0.993440 0.097660
-2.769 -0.667 14.250 162 149 166 -0.065294 -0.990866 -0.117988
-2.997 -0.665 14.326 160 154 166 0.002996 0.999815 -0.018978
-2.922 -0.667 14.326 148 143 147 0.000991 0.999917 -0.012883
-2.998 -0.666 14.333 141 141 143 0.002967 0.999936 -0.010880
-2.802 -0.665 14.257 164 159 156 -0.068429 -0.989315 -0.128739
-2.881 -0.667 14.318 143 131 141 0.011251 0.999296 0.035799
-2.811 -0.666 14.264 159 157 162 -0.065164 -0.991172 -0.115465
-2.819 -0.665 14.273 168 158 167 -0.064773 -0.992044 -0.107954
-2.796 -0.666 14.262 157 162 158 -0.088837 -0.986688 -0.136217
-2.750 -0.667 14.237 167 158 161 -0.061441 -0.988852 -0.135634
-2.852 -0.667 14.300 138 136 149 -0.069249 -0.987098 -0.144367
-2.988 -0.666 14.333 144 144 144 0.003008 0.999730 -0.023063
-2.732 -0.667 14.232 166 162 159 -0.066494 -0.988083 -0.138822
-2.780 -0.667 14.254 177 171 159 -0.091554 -0.985696 -0.141493
-2.973 -0.665 14.323 152 157 163 0.006965 0.999916 0.010944
-2.908 -0.666 14.321 157 156 161 0.024972 0.995618 0.090116
-2.856 -0.667 14.307 164 162 165 -0.066473 -0.987760 -0.141109
-2.871 -0.667 14.312 166 163 154 -0.029149 -0.996463 -0.078810
-2.889 -0.666 14.319 153 155 154 -0.044434 -0.990079 -0.133302
-2.880 -0.666 14.312 142 140 153 -0.022349 -0.997204 -0.071305
-2.747 -0.667 14.233 155 154 152 -0.063372 -0.989761 -0.127897
-2.794 -0.665 14.253 154 151 144 -0.080884 -0.988194 -0.130118
-2.793 -0.667 14.267 172 164 162 -0.078215 -0.988783 -0.127246
-2.789 -0.666 14.262 178 173 167 -0.086285 -0.986954 -0.135928
-2.809 -0.667 14.272 170 168 171 -0.072647 -0.990534 -0.116466
-2.868 -0.666 14.311 171 165 165 -0.029034 -0.996821 -0.074197
-2.887 -0.667 14.320 148 142 144 0.017631 0.998755 0.046671
-2.982 -0.667 14.330 147 155 157 0.008972 0.999900 0.010966
-2.862 -0.666 14.303 138 131 138 0.038020 0.996126 0.079299
-2.938 -0.666 14.320 148 143 150 -0.013323 -0.999192 -0.037918
-2.844 -0.667 14.303 154 158 170 0.062383 0.992462 0.105485
-2.789 -0.667 14.267 165 169 155 -0.094164 -0.985741 -0.139458
-2.970 -0.666 14.324 157 160 167 0.007006 0.999795 0.019015
-2.805 -0.667 14.273 175 165 174 -0.072773 -0.989946 -0.121289
-2.787 -0.666 14.255 167 157 156 -0.085591 -0.988400 -0.125455
-2.839 -0.667 14.299 156 157 161 -0.078192 -0.988486 -0.129542
-2.831 -0.665 14.283 161 160 166 -0.088809 -0.986367 -0.138541
-2.771 -0.665 14.244 159 155 152 -0.089554 -0.985094 -0.146869
-2.751 -0.667 14.237 173 161 163 -0.049593 -0.995158 -0.084858
-2.893 -0.666 14.311 174 173 181 0.004994 0.999843 0.016980
-2.780 -0.667 14.258 177 168 159 -0.094890 -0.983731 -0.152544
-2.809 -0.667 14.277 161 158 151 -0.089375 -0.985505 -0.144191
-2.760 -0.666 14.241 157 146 150 0.011053 0.999757 0.019091
-2.860 -0.667 14.305 148 142 152 -0.004945 0.999948 -0.008902
-2.953 -0.667 14.330 128 131 136 0.000995 0.999821 -0.018902
-2.824 -0.665 14.273 154 148 152 -0.106663 -0.979582 -0.170415
-2.860 -0.667 14.311 165 164 160 0.022001 0.998439 0.051336
-2.740 -0.666 14.223 160 153 160 0.042627 0.995722 0.081975
-2.794 -0.667 14.269 169 170 165 -0.067187 -0.991858 -0.108182
-2.767 -0.666 14.242 161 155 155 -0.057244 -0.993350 -0.099896
-2.910 -0.665 14.315 172 174 171 -0.013456 -0.998824 -0.046577
-2.805 -0.665 14.259 168 164 163 -0.074639 -0.990971 -0.111384
-2.933 -0.666 14.320 154 149 155 -0.005004 -0.999807 -0.019015
-2.757 -0.667 14.246 159 154 151 0.049692 0.994947 0.087237
-3.007 -0.666 14.326 161 157 156 0.004955 0.999928 0.010901
-2.755 -0.666 14.237 151 147 146 -0.063012 -0.991012 -0.118005
-3.012 -0.666 14.326 160 151 154 0.004945 0.999964 0.006924
-2.743 -0.666 14.222 162 162 162 -0.035637 -0.996742 -0.072353
-2.864 -0.667 14.316 158 158 156 0.004994 0.999843 0.016980
-2.903 -0.666 14.323 154 148 148 0.009079 0.999690 0.023202
-2.981 -0.669 14.333 139 145 145 0.008990 0.999875 0.012985
-2.939 -0.666 14.325 143 147 150 0.004975 0.999904 0.012934
-2.934 -0.666 14.327 129 141 141 -0.007006 -0.999831 -0.017014
-2.796 -0.666 14.259 156 159 150 -0.095079 -0.983288 -0.155256
-2.841 -0.667 14.295 137 126 134 -0.024000 -0.998609 -0.046957
-2.785 -0.667 14.263 176 172 161 -0.086430 -0.986245 -0.140892
-3.002 -0.666 14.325 156 151 158 0.000997 0.999780 -0.020933
-2.847 -0.667 14.298 138 132 142 -0.000995 -0.999856 -0.016913
-2.836 -0.665 14.292 149 139 147 0.052323 0.994137 0.094627
-2.888 -0.666 14.312 171 174 179 -0.034890 -0.991552 -0.124929
-2.829 -0.667 14.289 152 153 158 -0.046818 -0.996236 -0.072948
-2.827 -0.666 14.281 145 146 150 -0.062509 -0.992187 -0.107970
-2.991 -0.666 14.332 143 141 144 0.004975 0.999876 -0.014924
-2.819 -0.667 14.286 163 154 147 -0.069470 -0.991946 -0.105914
-2.823 -0.665 14.282 149 155 153 0.080373 0.988942 0.124637
-2.908 -0.667 14.324 148 149 154 -0.000989 0.999940 -0.010880
-2.819 -0.665 14.277 165 164 162 -0.105645 -0.982373 -0.154217
-2.852 -0.667 14.307 170 160 169 -0.015312 -0.999382 -0.031645
-2.780 -0.666 14.251 166 161 155 -0.086084 -0.987015 -0.135611
-2.823 -0.665 14.277 158 153 159 -0.071899 -0.991749 -0.106137
-2.913 -0.667 14.324 144 150 150 0.006896 0.999972 -0.002956
-2.751 -0.667 14.242 166 155 163 0.042635 0.995898 0.079803
-2.978 -0.666 14.326 153 157 160 0.004945 0.999964 -0.006924
-2.804 -0.666 14.263 170 159 165 -0.075415 -0.989682 -0.121825
-2.820 -0.666 14.280 156 161 154 -0.089165 -0.985574 -0.143853
-2.797 -0.667 14.264 160 161 165 -0.072919 -0.989618 -0.123847
-2.867 -0.666 14.308 154 148 150 -0.031249 -0.996742 -0.074352
-2.976 -0.667 14.327 148 153 157 -0.008919 -0.999936 -0.006937
-2.864 -0.667 14.311 167 169 168 -0.000983 0.999987 -0.004916
-2.942 -0.667 14.324 145 133 147 0.002985 0.999852 -0.016913
-2.784 -0.666 14.256 176 167 158 -0.078530 -0.988074 -0.132446
-2.751 -0.667 14.229 159 152 159 -0.050303 -0.993766 -0.099488
-2.929 -0.667 14.320 152 146 150 0.004955 0.999948 -0.008919
-2.899 -0.667 14.317 172 166 176 -0.022530 -0.996674 -0.078318
-2.920 -0.666 14.316 173 171 172 0.013349 0.999109 0.040046
-2.785 -0.665 14.247 149 149 149 -0.074187 -0.991821 -0.103862
-2.833 -0.665 14.289 146 138 151 -0.052229 -0.994570 -0.090011
-2.954 -0.666 14.326 150 150 158 0.011031 0.999794 0.017048
-2.764 -0.666 14.245 160 149 163 -0.081346 -0.986763 -0.140292
-2.963 -0.665 14.325 153 156 147 0.000997 0.999820 -0.018940
-2.815 -0.666 14.273 172 167 171 -0.075243 -0.989730 -0.121546
-2.846 -0.666 14.295 144 144 154 0.028461 0.998259 0.051652
-2.752 -0.666 14.233 155 161 159 -0.062619 -0.991652 -0.112714
-2.764 -0.664 14.237 138 141 134 -0.070314 -0.990155 -0.121032
-2.903 -0.666 14.321 156 148 159 0.015495 0.998893 0.044418
-2.808 -0.666 14.268 167 161 175 -0.067883 -0.990630 -0.118507
-2.753 -0.665 14.227 150 140 139 -0.058298 -0.991058 -0.120024
-2.856 -0.667 14.302 143 141 154 -0.035708 -0.996569 -0.074662
-2.800 -0.666 14.264 165 164 166 -0.070616 -0.989783 -0.123868
-2.732 -0.666 14.228 160 157 148 -0.037869 -0.996490 -0.074656
-2.732 -0.666 14.223 162 147 154 0.031249 0.996742 0.074352
-2.606 -0.668 14.198 172 165 155 -0.044434 -0.990079 -0.133302
-2.641 -0.667 14.207 159 153 157 -0.028972 -0.996834 -0.074038
-2.645 -0.666 14.206 159 148 146 0.038935 0.993398 0.107906
-2.630 -0.667 14.206 158 162 161 -0.052228 -0.987697 -0.147400
-2.624 -0.667 14.202 179 164 169 -0.046813 -0.989931 -0.133589
-2.670 -0.667 14.211 146 137 140 0.015192 0.999658 0.021269
-2.699 -0.665 14.218 152 148 147 0.015192 0.999613 0.023294
-2.635 -0.667 14.210 157 161 160 -0.026506 -0.997690 -0.062554
-2.686 -0.667 14.213 140 140 138 0.013115 0.999730 0.019167
-2.724 -0.666 14.224 154 150 147 0.013140 0.999643 0.023248
-2.720 -0.666 14.224 150 145 149 0.007006 0.999831 0.017014
-2.669 -0.666 14.208 158 144 144 -0.024143 -0.998274 -0.053535
-2.642 -0.668 14.210 163 154 155 0.019397 0.999432 0.027563
-2.620 -0.668 14.198 160 149 153 0.015102 0.999739 0.017115
-2.640 -0.666 14.204 163 158 162 0.015223 0.999612 0.023341
-2.711 -0.665 14.220 155 150 157 0.004955 0.999928 -0.010901
-2.651 -0.666 14.205 159 160 154 0.012960 0.999876 0.008972
-2.696 -0.666 14.216 155 144 148 0.008919 0.999948 0.004955
-2.641 -0.667 14.202 163 158 155 0.015102 0.999772 0.015102
-2.610 -0.668 14.202 180 166 166 0.012960 0.999876 0.008972
-2.606 -0.668 14.196 171 163 152 -0.021610 -0.999190 -0.033958
-2.699 -0.665 14.220 163 154 155 -0.002979 0.999885 -0.014894
-2.724 -0.666 14.228 151 147 148 0.008937 0.999920 0.008937
-2.613 -0.668 14.202 184 171 178 0.015252 0.999507 0.027453
-2.680 -0.666 14.211 137 143 133 0.011141 0.999617 0.025320
-2.696 -0.666 14.218 169 152 158 0.008937 0.999920 0.008937
-2.644 -0.667 14.202 171 164 154 0.001001 0.999686 -0.025017
-2.606 -0.668 14.194 177 167 155 0.011031 0.999826 0.015043
-2.624 -0.668 14.207 166 161 158 0.010988 0.999879 0.010988
-2.704 -0.666 14.220 148 146 147 0.006910 0.999964 0.004936
-2.701 -0.666 14.215 143 150 143 0.002956 0.999984 -0.004926
-2.682 -0.666 14.214 146 144 129 -0.010901 -0.999928 -0.004955
-2.637 -0.667 14.205 155 156 158 0.017320 0.999471 0.027508
-2.620 -0.668 14.201 165 154 158 0.015252 0.999507 0.027453
-2.667 -0.667 14.211 145 140 144 0.026404 0.998083 0.055977
-2.659 -0.666 14.209 153 149 148 0.033875 0.995499 0.088513
-2.649 -0.667 14.211 162 144 144 -0.029086 -0.996479 -0.078641
-2.627 -0.667 14.206 168 164 163 -0.031436 -0.996194 -0.081300
-2.715 -0.666 14.220 156 150 152 -0.017494 -0.999198 -0.036016
-2.602 -0.668 14.198 166 164 152 0.015344 0.999379 0.031710
-2.645 -0.667 14.211 173 157 158 0.019669 0.998991 0.040374
-2.688 -0.666 14.215 149 139 147 -0.031623 -0.995589 -0.088327
-2.623 -0.667 14.198 165 153 153 0.026559 0.997545 0.064803
-2.684 -0.666 14.211 144 140 141 0.013037 0.999802 0.015042
-2.661 -0.666 14.206 155 150 146 0.028919 0.997154 0.069619
-2.663 -0.666 14.211 152 143 146 -0.028972 -0.996834 -0.074038
-2.690 -0.667 14.218 145 142 135 0.017459 0.999273 0.033891
-2.660 -0.667 14.214 156 155 150 -0.019474 -0.999305 -0.031773
-2.708 -0.666 14.220 157 147 156 0.006910 0.999964 -0.004936
-2.638 -0.668 14.208 151 156 152 0.031493 0.995815 0.085790
-2.607 -0.668 14.203 177 163 152 0.017527 0.999038 0.040209
-2.658 -0.666 14.206 160 156 157 0.021869 0.998662 0.046861
-2.654 -0.666 14.207 153 154 149 0.039253 0.992530 0.115515
-2.663 -0.666 14.214 156 148 146 -0.008954 -0.999900 -0.010944
-2.633 -0.666 14.201 163 157 161 0.031368 0.996210 0.081125
-2.610 -0.667 14.198 174 167 161 0.004965 0.999928 -0.010923
-2.616 -0.667 14.196 159 158 154 0.004926 0.999984 -0.002956
-2.655 -0.667 14.210 153 150 145 0.036345 0.994521 0.098020
-2.716 -0.665 14.224 157 149 160 0.004916 0.999984 -0.002950
-2.627 -0.667 14.202 171 161 162 0.006910 0.999964 -0.004936
-2.676 -0.667 14.215 169 157 157 0.034077 0.994833 0.095636
-2.720 -0.666 14.220 160 151 154 0.000989 0.999917 -0.012857
-2.637 -0.667 14.203 155 152 159 0.033735 0.995726 0.085970
