-2.914 -0.668 14.490 162 164 161 0.011031 0.999826 -0.015043
-2.928 -0.668 14.486 164 162 163 -0.000989 0.999917 -0.012857
-2.822 -0.669 14.459 148 158 150 -0.005004 0.999807 -0.019015
-2.879 -0.668 14.495 158 158 160 -0.000987 0.999960 -0.008884
-2.871 -0.669 14.493 180 165 162 -0.000993 0.999889 -0.014894
-2.909 -0.668 14.500 170 165 171 0.003002 0.999775 -0.021016
-2.884 -0.668 14.495 147 145 148 0.000999 0.999780 -0.020974
-2.971 -0.669 14.487 172 171 176 -0.007033 0.999753 -0.021100
-2.984 -0.669 14.497 175 166 183 -0.002961 0.999972 -0.006910
-2.901 -0.668 14.500 150 162 158 0.004965 0.999904 -0.012908
-2.975 -0.669 14.492 169 163 175 -0.000985 0.999976 -0.006896
-2.943 -0.669 14.487 157 156 154 -0.002956 0.999972 -0.006896
-2.979 -0.669 14.487 172 161 165 -0.002967 0.999936 -0.010880
-2.845 -0.668 14.474 145 144 149 -0.009186 0.999244 -0.037765
-2.984 -0.669 14.487 170 159 165 -0.002985 0.999852 -0.016913
-2.994 -0.669 14.492 172 162 173 -0.006978 0.999892 -0.012960
-2.864 -0.669 14.484 166 164 167 -0.004975 0.999876 -0.014924
-2.871 -0.669 14.500 164 167 158 -0.007033 0.999708 -0.023109
-2.942 -0.668 14.491 153 155 152 -0.007075 0.999545 -0.029309
-2.896 -0.668 14.495 158 164 160 0.001005 0.999575 -0.029133
-2.893 -0.668 14.491 163 158 154 0.004994 0.999843 -0.016980
-2.938 -0.668 14.489 151 149 152 -0.005014 0.999766 -0.021058
-2.849 -0.668 14.491 151 147 148 0.000993 0.999889 -0.014894
-2.845 -0.669 14.484 149 144 148 0.004926 0.999984 -0.002956
-2.952 -0.668 14.487 161 160 156 -0.006924 0.999964 -0.004945
-2.988 -0.669 14.502 165 159 169 -0.006896 0.999972 -0.002956
-2.866 -0.669 14.495 170 170 170 -0.004936 0.999964 -0.006910
-3.003 -0.669 14.493 164 168 167 -0.002950 0.999991 -0.002950
-2.836 -0.668 14.469 174 162 164 -0.007061 0.999604 -0.027234
-2.829 -0.667 14.479 152 143 144 -0.013454 0.998726 -0.048643
-2.879 -0.668 14.488 161 161 163 -0.005043 0.999559 -0.029250
-2.961 -0.669 14.487 165 162 171 -0.009025 0.999778 -0.019053
-2.975 -0.668 14.497 161 151 152 -0.004955 0.999928 -0.010901
-2.914 -0.668 14.500 160 149 155 0.000981 0.999987 -0.004907
-2.833 -0.666 14.483 143 140 135 0.003008 0.999681 -0.025067
-2.875 -0.668 14.495 170 169 165 -0.000999 0.999780 -0.020974
-2.994 -0.669 14.500 170 165 171 -0.002956 0.999984 -0.004926
-2.822 -0.670 14.462 145 161 148 0.002938 0.999995 -0.000979
-2.861 -0.668 14.500 166 162 161 0.003002 0.999731 -0.023017
-2.927 -0.668 14.483 165 163 164 -0.000997 0.999820 -0.018940
-2.867 -0.668 14.498 168 169 164 0.000979 0.999995 -0.002938
-2.817 -0.669 14.466 148 154 140 -0.000981 0.999987 -0.004907
-2.813 -0.668 14.470 158 160 159 -0.002979 0.999912 -0.012908
-2.897 -0.668 14.488 173 164 165 -0.000985 0.999976 -0.006896
-2.874 -0.668 14.492 170 170 170 -0.003002 0.999731 -0.023017
-2.840 -0.668 14.469 176 171 175 0.000993 0.999889 -0.014894
-2.849 -0.668 14.474 148 151 158 0.002967 0.999936 -0.010880
-2.845 -0.669 14.479 144 140 139 0.000993 0.999857 -0.016879
-2.839 -0.668 14.480 152 147 151 -0.000987 0.999941 -0.010858
-2.979 -0.669 14.497 173 160 167 -0.000983 0.999987 -0.004916
-2.951 -0.668 14.494 157 155 160 -0.006924 0.999964 -0.004945
-2.975 -0.669 14.487 170 161 166 -0.004994 0.999843 -0.016980
-2.966 -0.669 14.487 164 168 171 -0.004984 0.999844 -0.016947
-2.938 -0.668 14.484 159 153 155 -0.000995 0.999856 -0.016913
-2.879 -0.668 14.492 159 158 163 -0.005014 0.999721 -0.023063
-2.850 -0.669 14.487 159 155 154 -0.011140 0.999564 -0.027344
-2.994 -0.669 14.490 176 167 172 -0.006951 0.999916 -0.010923
-2.965 -0.669 14.492 173 163 172 -0.009025 0.999814 -0.017048
-2.840 -0.668 14.478 149 153 156 -0.005024 0.999720 -0.023109
-3.022 -0.669 14.500 172 169 160 -0.000979 0.999995 0.002938
-3.003 -0.669 14.505 170 167 162 -0.002938 0.999995 0.000979
-2.905 -0.668 14.497 157 163 163 0.001007 0.999513 -0.031203
-2.827 -0.670 14.462 145 150 143 -0.019787 0.998705 -0.046863
-2.857 -0.668 14.495 164 164 164 -0.002973 0.999913 -0.012883
-2.919 -0.669 14.496 152 152 152 0.000999 0.999736 -0.022971
-2.919 -0.669 14.491 154 155 149 0.000989 0.999917 -0.012857
-2.905 -0.668 14.488 183 178 182 0.002961 0.999972 -0.006910
-2.905 -0.668 14.493 161 160 156 0.005004 0.999767 -0.021016
-2.961 -0.669 14.496 167 161 165 -0.011031 0.999826 -0.015043
-2.858 -0.669 14.491 178 172 174 -0.011162 0.999505 -0.029427
-2.988 -0.669 14.492 174 160 175 -0.002961 0.999972 -0.006910
-2.876 -0.669 14.484 182 178 179 -0.005004 0.999807 -0.019015
-2.947 -0.668 14.491 151 149 150 -0.006992 0.999831 -0.016980
-2.823 -0.668 14.474 141 143 138 -0.002985 0.999852 -0.016913
-2.966 -0.669 14.485 165 166 168 -0.004926 0.999976 -0.004926
-2.875 -0.668 14.488 165 163 174 -0.007019 0.999754 -0.021058
-2.923 -0.668 14.495 151 146 150 -0.002990 0.999816 -0.018940
-2.999 -0.669 14.505 170 166 167 0.000978 0.999999 -0.000978
-2.813 -0.669 14.461 165 156 157 -0.000991 0.999917 -0.012883
-2.928 -0.668 14.491 162 163 157 -0.000983 0.999987 -0.004916
-2.888 -0.669 14.493 157 155 156 0.002950 0.999991 -0.002950
-2.845 -0.669 14.486 154 148 150 0.006883 0.999976 0.000983
-2.884 -0.668 14.488 164 165 159 0.002950 0.999991 -0.002950
-2.849 -0.668 14.495 145 145 135 0.000983 0.999976 -0.006883
-2.820 -0.669 14.470 137 142 135 -0.011228 0.999299 -0.035726
-2.838 -0.667 14.487 143 140 135 -0.002996 0.999815 -0.018978
-2.853 -0.669 14.491 162 162 164 -0.005083 0.999279 -0.037613
-2.956 -0.668 14.496 150 147 156 -0.007117 0.999412 -0.033551
-2.897 -0.668 14.501 150 161 157 0.000989 0.999917 -0.012857
-2.826 -0.669 14.466 145 154 151 -0.011162 0.999505 -0.029427
-2.868 -0.669 14.484 165 171 167 -0.002950 0.999984 -0.004916
-2.999 -0.669 14.492 165 167 166 -0.004907 0.999987 -0.000981
-2.867 -0.668 14.486 163 164 166 -0.000981 0.999995 -0.002944
-3.013 -0.669 14.500 171 165 165 -0.000985 0.999976 -0.006896
-2.905 -0.668 14.500 146 152 150 0.005073 0.999426 -0.033483
-2.951 -0.668 14.489 154 156 151 -0.007019 0.999754 -0.021058
-2.844 -0.668 14.491 145 140 137 -0.009150 0.999395 -0.033550
-2.823 -0.668 14.478 159 155 154 -0.009061 0.999735 -0.021142
-2.809 -0.669 14.461 165 159 159 -0.002979 0.999912 -0.012908
-2.893 -0.668 14.500 149 151 148 0.000997 0.999820 -0.018940
-2.835 -0.668 14.473 154 158 161 0.006910 0.999964 -0.004936
-2.897 -0.668 14.493 164 167 160 0.001020 0.999036 -0.043880
-2.841 -0.669 14.474 149 143 145 -0.007061 0.999657 -0.025218
-2.889 -0.669 14.489 170 167 162 0.004926 0.999984 -0.002956
-2.923 -0.669 14.491 156 155 150 -0.004975 0.999876 -0.014924
-2.880 -0.668 14.484 175 174 169 -0.002967 0.999936 -0.010880
-2.829 -0.667 14.484 150 152 147 -0.004984 0.999844 -0.016947
-2.923 -0.669 14.489 163 163 153 -0.006924 0.999952 -0.006924
-2.871 -0.669 14.495 165 165 163 0.002961 0.999956 -0.008884
-2.888 -0.669 14.496 157 155 156 0.006992 0.999863 -0.014983
-2.817 -0.670 14.461 154 156 151 0.000995 0.999856 -0.016913
-2.947 -0.669 14.484 161 157 158 -0.002973 0.999936 -0.010901
-2.820 -0.668 14.475 156 157 152 0.008919 0.999948 -0.004955
-2.832 -0.668 14.469 161 161 161 -0.011318 0.999046 -0.042184
-2.923 -0.668 14.484 172 170 158 0.002944 0.999991 -0.002944
-2.965 -0.669 14.496 178 164 164 -0.004955 0.999928 -0.010901
-2.909 -0.668 14.497 157 152 156 -0.000987 0.999941 -0.010858
-2.832 -0.666 14.478 171 159 163 -0.013375 0.999020 -0.042183
-2.879 -0.668 14.500 150 156 152 -0.002956 0.999984 -0.004926
-2.918 -0.669 14.498 163 161 162 0.000993 0.999857 -0.016879
-2.824 -0.668 14.470 142 141 146 -0.009150 0.999395 -0.033550
-2.951 -0.668 14.491 159 160 162 -0.006951 0.999916 -0.010923
-3.013 -0.669 14.495 180 175 179 -0.000981 0.999987 -0.004907
-2.830 -0.667 14.475 158 156 159 -0.001003 0.999633 -0.027071
-2.888 -0.669 14.500 152 150 151 0.006992 0.999863 -0.014983
-2.915 -0.668 14.496 158 154 151 -0.001005 0.999632 -0.027126
-2.979 -0.669 14.492 187 178 197 -0.000987 0.999960 -0.008884
-2.850 -0.669 14.484 157 147 145 -0.017115 0.999739 -0.015102
-3.008 -0.669 14.500 170 165 161 -0.000979 0.999995 -0.002938
-2.892 -0.668 14.493 158 158 156 0.000983 0.999976 -0.006883
-2.862 -0.668 14.488 177 167 175 0.000993 0.999857 -0.016879
-2.901 -0.669 14.488 174 168 170 0.004936 0.999964 -0.006910
-2.952 -0.669 14.482 151 148 157 -0.004984 0.999876 -0.014953
-2.830 -0.669 14.466 146 152 142 -0.017633 0.998849 -0.044601
-2.910 -0.668 14.491 160 159 155 0.007006 0.999795 -0.019015
-2.854 -0.668 14.479 158 161 166 0.000993 0.999889 -0.014894
-2.933 -0.668 14.483 154 149 155 -0.004975 0.999876 -0.014924
-2.893 -0.669 14.489 171 161 160 0.005053 0.999496 -0.031329
-2.855 -0.669 14.482 166 164 167 0.000993 0.999889 -0.014894
-2.901 -0.668 14.493 157 162 156 0.000997 0.999780 -0.020933
-2.970 -0.669 14.492 166 163 170 -0.006937 0.999952 -0.006937
-2.833 -0.669 14.465 172 167 163 -0.009222 0.999075 -0.042012
-3.003 -0.669 14.497 167 166 162 -0.000987 0.999941 -0.010858
-2.838 -0.667 14.482 164 152 156 -0.009096 0.999586 -0.027289
-3.008 -0.669 14.497 172 174 169 -0.002956 0.999972 -0.006896
-2.900 -0.668 14.497 153 166 159 0.004984 0.999876 -0.014953
-2.834 -0.667 14.475 159 165 165 -0.011273 0.999217 -0.037919
-2.947 -0.669 14.482 158 156 159 -0.002985 0.999884 -0.014924
-2.875 -0.668 14.500 160 171 165 -0.002973 0.999936 -0.010901
-2.817 -0.669 14.475 157 155 156 -0.011229 0.999369 -0.033687
-2.910 -0.668 14.488 170 170 172 -0.000991 0.999889 -0.014865
-3.003 -0.669 14.500 171 163 160 -0.002950 0.999984 -0.004916
-2.866 -0.669 14.500 166 165 160 0.002950 0.999984 -0.004916
-2.933 -0.668 14.491 150 151 143 -0.004965 0.999904 -0.012908
-2.884 -0.668 14.500 151 150 156 0.002961 0.999972 -0.006910
-2.863 -0.669 14.487 166 159 166 -0.007145 0.999261 -0.037766
-2.919 -0.669 14.483 172 172 162 0.002944 0.999991 -0.002944
-2.998 -0.668 14.497 171 165 169 -0.002938 0.999995 0.000979
-2.821 -0.669 14.466 151 146 152 -0.003038 0.999437 -0.033416
-2.854 -0.668 14.487 179 166 160 0.002973 0.999913 -0.012883
-2.957 -0.668 14.487 165 159 163 -0.006951 0.999916 -0.010923
-2.919 -0.669 14.488 151 151 143 0.002961 0.999972 -0.006910
-2.866 -0.669 14.493 170 168 173 -0.009079 0.999690 -0.023202
-2.984 -0.669 14.492 166 152 169 -0.002979 0.999912 -0.012908
-2.915 -0.668 14.484 171 170 165 0.003008 0.999730 -0.023063
-3.018 -0.669 14.496 171 178 170 0.000989 0.999917 -0.012857
-2.970 -0.668 14.497 178 168 169 -0.005053 0.999496 -0.031329
-2.960 -0.669 14.491 169 159 158 -0.009204 0.999162 -0.039885
-2.816 -0.669 14.470 153 158 151 -0.011385 0.998751 -0.048644
-2.853 -0.669 14.495 160 155 152 -0.009259 0.998978 -0.044239
-2.989 -0.669 14.488 177 166 172 -0.004965 0.999904 -0.012908
-2.994 -0.669 14.497 168 161 169 -0.002944 0.999991 -0.002944
-2.947 -0.668 14.486 155 153 154 -0.008972 0.999900 -0.010966
-2.994 -0.669 14.505 161 159 170 -0.004936 0.999964 -0.006910
-2.828 -0.669 14.470 146 153 163 -0.005014 0.999766 -0.021058
-2.859 -0.669 14.487 175 169 173 0.006924 0.999964 -0.004945
-2.850 -0.669 14.479 159 159 159 0.002961 0.999956 -0.008884
-2.938 -0.668 14.487 143 141 142 -0.003002 0.999775 -0.021016
-2.813 -0.669 14.466 152 157 150 -0.004975 0.999876 -0.014924
-3.018 -0.669 14.500 177 171 173 -0.002961 0.999972 -0.006910
-2.933 -0.668 14.488 153 150 159 -0.009025 0.999814 -0.017048
-2.999 -0.669 14.500 168 162 162 -0.009043 0.999736 -0.021100
-2.892 -0.668 14.495 157 159 158 -0.003008 0.999730 -0.023063
-2.933 -0.668 14.479 169 158 164 -0.003038 0.999437 -0.033416
-2.914 -0.668 14.488 162 164 159 -0.000999 0.999736 -0.022971
-2.956 -0.668 14.492 158 159 153 -0.009097 0.999639 -0.025269
-2.918 -0.669 14.500 162 157 161 0.000995 0.999821 -0.018902
-2.937 -0.669 14.491 154 152 157 -0.007061 0.999604 -0.027234
-2.988 -0.669 14.497 174 166 181 -0.000981 0.999995 -0.002944
-2.884 -0.668 14.493 160 158 161 0.001003 0.999633 -0.027071
-3.075 -0.669 14.496 165 165 163 0.011053 0.999757 -0.019091
-3.066 -0.669 14.484 157 155 166 0.007033 0.999753 -0.021100
-3.135 -0.667 14.490 164 159 165 0.007033 0.999753 -0.021100
-3.100 -0.668 14.504 162 163 168 0.007033 0.999753 -0.021100
-3.041 -0.669 14.496 152 153 147 0.002996 0.999815 -0.018978
-3.051 -0.668 14.484 176 166 177 0.003026 0.999507 -0.031266
-3.076 -0.668 14.486 163 157 167 0.007033 0.999708 -0.023109
-3.066 -0.669 14.486 157 156 161 0.007061 0.999604 -0.027234
-3.115 -0.669 14.487 173 170 181 0.007020 0.999794 -0.019053
-3.046 -0.668 14.496 152 149 142 0.002950 0.999991 -0.002950
-3.055 -0.669 14.488 156 154 159 0.006964 0.999892 -0.012934
-3.145 -0.668 14.493 167 161 161 0.006992 0.999831 -0.016980
-3.060 -0.669 14.491 158 159 163 0.004965 0.999928 -0.010923
-3.080 -0.669 14.489 166 165 173 0.009061 0.999691 -0.023155
-3.130 -0.668 14.490 175 170 174 0.009043 0.999736 -0.021100
-3.100 -0.668 14.497 155 159 160 0.002967 0.999956 -0.008902
-3.056 -0.669 14.496 154 153 151 0.004965 0.999904 -0.012908
-3.022 -0.669 14.498 168 165 158 0.000991 0.999889 -0.014865
-3.134 -0.668 14.497 159 155 156 0.003002 0.999731 -0.023017
-3.076 -0.668 14.484 164 159 163 0.007130 0.999264 -0.037689
-3.055 -0.669 14.491 154 152 157 0.007145 0.999261 -0.037766
-3.081 -0.669 14.487 158 158 158 0.005033 0.999618 -0.027180
-3.047 -0.669 14.489 152 157 160 0.002996 0.999776 -0.020974
-3.128 -0.668 14.499 176 172 173 0.004965 0.999904 -0.012908
-3.105 -0.668 14.504 170 164 166 0.006992 0.999863 -0.014983
-3.095 -0.668 14.492 177 167 178 0.009007 0.999815 -0.017014
-3.071 -0.669 14.496 163 164 159 0.009061 0.999735 -0.021142
-3.066 -0.669 14.491 165 170 166 0.002985 0.999884 -0.014924
-3.105 -0.668 14.499 161 159 160 0.006937 0.999936 -0.008919
-3.085 -0.668 14.496 157 159 154 0.008972 0.999876 -0.012960
-3.144 -0.668 14.495 153 154 156 0.004955 0.999948 -0.008919
-3.032 -0.669 14.501 153 157 156 0.002950 0.999991 -0.002950
-3.100 -0.668 14.502 160 154 158 0.013114 0.999690 -0.021184
-3.076 -0.668 14.494 159 159 161 0.005033 0.999618 -0.027180
-3.037 -0.669 14.501 149 164 157 0.006896 0.999972 0.002956
-3.110 -0.669 14.497 163 164 158 0.009025 0.999778 -0.019053
-3.139 -0.668 14.492 151 149 154 0.004965 0.999928 -0.010923
-3.085 -0.668 14.491 156 161 165 0.008919 0.999948 -0.004955
-3.120 -0.668 14.485 164 163 161 0.004907 0.999987 -0.000981
-3.110 -0.669 14.487 175 168 176 0.010988 0.999879 -0.010988
-3.120 -0.668 14.492 156 159 166 0.007006 0.999831 -0.017014
-3.090 -0.668 14.491 166 166 166 0.004965 0.999928 -0.010923
-3.151 -0.668 14.495 159 153 157 0.004984 0.999876 -0.014953
-3.060 -0.669 14.488 159 163 162 0.006978 0.999892 -0.012960
-3.072 -0.669 14.482 165 158 165 0.007061 0.999657 -0.025218
-3.110 -0.669 14.500 160 159 154 0.004984 0.999844 -0.016947
-3.027 -0.669 14.500 168 164 163 0.000983 0.999976 -0.006883
-3.072 -0.669 14.492 157 157 157 0.007047 0.999707 -0.023155
-3.051 -0.668 14.491 150 151 153 0.002961 0.999956 -0.008884
-3.075 -0.669 14.489 159 154 161 0.007006 0.999831 -0.017014
-3.047 -0.669 14.491 151 160 157 0.002967 0.999936 -0.010880
-3.027 -0.669 14.496 167 167 167 0.000981 0.999987 0.004907
-3.056 -0.669 14.484 152 151 156 0.004916 0.999987 0.000983
-3.120 -0.668 14.500 177 162 159 0.004945 0.999964 -0.006924
-3.125 -0.668 14.492 157 155 158 0.006978 0.999864 -0.014953
-3.041 -0.669 14.501 157 173 163 0.000989 0.999940 -0.010880
-3.145 -0.668 14.500 145 148 153 0.002973 0.999936 -0.010901
-3.042 -0.669 14.491 150 152 149 0.004916 0.999987 -0.000983
-3.072 -0.669 14.487 159 153 163 0.006964 0.999892 -0.012934
-3.156 -0.668 14.495 170 158 170 0.006965 0.999916 -0.010944
-3.023 -0.669 14.496 155 152 147 -0.000981 0.999987 -0.004907
-3.051 -0.668 14.488 155 153 158 0.004945 0.999964 -0.006924
-3.110 -0.669 14.492 173 169 166 0.007089 0.999482 -0.031392
-3.060 -0.669 14.483 157 158 162 0.007061 0.999657 -0.025218
-3.134 -0.668 14.502 173 168 172 0.011140 0.999564 -0.027344
-3.120 -0.668 14.487 166 161 167 0.011118 0.999619 -0.025268
-3.105 -0.668 14.492 170 170 168 0.007200 0.998805 -0.048346
-3.105 -0.668 14.497 167 167 165 0.009078 0.999641 -0.025218
-3.124 -0.668 14.497 164 166 165 0.003026 0.999507 -0.031266
-3.139 -0.668 14.497 150 151 156 0.004994 0.999807 -0.018977
-3.151 -0.668 14.493 172 162 170 0.007033 0.999753 -0.021100
-3.129 -0.667 14.497 169 168 166 0.007033 0.999708 -0.023109
-3.095 -0.669 14.499 160 151 152 0.009114 0.999527 -0.029368
-3.115 -0.669 14.497 156 151 145 0.007033 0.999753 -0.021100
-3.090 -0.668 14.497 148 144 141 0.007006 0.999831 -0.017014
-3.139 -0.668 14.500 156 155 160 0.002973 0.999936 -0.010901
-3.100 -0.668 14.492 167 165 166 0.005004 0.999807 -0.019015
-3.115 -0.669 14.492 166 164 167 0.004936 0.999964 -0.006910
-3.080 -0.669 14.496 157 159 158 0.006964 0.999892 -0.012934
-3.075 -0.669 14.491 157 155 160 0.011031 0.999794 -0.017048
-3.130 -0.668 14.487 181 176 182 0.007006 0.999795 -0.019015
-3.111 -0.668 14.483 169 168 173 0.011096 0.999669 -0.023201
-3.090 -0.668 14.502 163 164 159 0.007033 0.999708 -0.023109
-3.051 -0.668 14.496 150 151 145 0.002979 0.999912 -0.012908
-3.105 -0.668 14.487 170 166 167 0.007116 0.999341 -0.035582
-3.072 -0.669 14.484 155 147 158 0.009079 0.999690 -0.023202
-3.032 -0.669 14.496 160 170 169 0.002973 0.999913 -0.012883
-3.129 -0.668 14.492 155 149 151 0.009096 0.999586 -0.027289
-3.096 -0.669 14.497 155 161 157 0.009151 0.999461 -0.031519
-3.120 -0.668 14.497 163 158 155 0.006992 0.999831 -0.016980
-3.037 -0.669 14.496 142 151 146 0.002973 0.999913 -0.012883
-3.078 -0.668 14.491 166 166 164 0.007061 0.999657 -0.025218
-3.095 -0.668 14.504 172 168 165 0.005063 0.999494 -0.031392
-3.125 -0.668 14.487 167 163 164 0.006978 0.999892 -0.012960
