-0.983 -0.672 14.215 146 143 138 0.000983 0.999976 -0.006883
-0.962 -0.672 14.216 150 146 135 0.002967 0.999956 -0.008902
-0.974 -0.672 14.215 153 144 137 -0.000987 0.999941 -0.010858
-0.962 -0.672 14.212 147 138 129 0.000991 0.999917 -0.012883
-0.979 -0.672 14.217 149 150 144 -0.000991 0.999889 -0.014865
-1.006 -0.672 14.211 149 137 137 0.000991 0.999889 -0.014865
-0.983 -0.672 14.212 165 153 153 -0.000987 0.999960 -0.008884
-0.970 -0.671 14.211 143 140 133 -0.000985 0.999976 -0.006896
-0.988 -0.672 14.212 158 155 148 0.000991 0.999889 -0.014865
-1.015 -0.672 14.211 139 135 124 0.000987 0.999960 -0.008884
-0.965 -0.672 14.212 145 142 135 -0.000985 0.999960 -0.008867
-0.969 -0.672 14.217 160 153 143 0.000978 0.999999 -0.000978
-0.974 -0.672 14.212 145 145 137 0.000987 0.999960 -0.008884
-0.980 -0.672 14.212 148 149 144 -0.000979 0.999995 -0.002938
-0.978 -0.672 14.216 148 149 141 -0.000991 0.999917 -0.012883
-1.002 -0.672 14.211 144 148 133 -0.000991 0.999889 -0.014865
-1.011 -0.672 14.211 134 134 132 -0.002991 0.999852 -0.016947
-0.978 -0.672 14.212 150 153 144 -0.000987 0.999960 -0.008884
-0.965 -0.672 14.216 153 151 139 -0.002990 0.999816 -0.018940
-0.957 -0.672 14.211 151 144 136 -0.000997 0.999820 -0.018940
-0.953 -0.672 14.211 149 144 135 -0.000983 0.999976 -0.006883
-1.059 -0.672 14.216 146 142 133 0.000989 0.999940 -0.010880
-1.103 -0.671 14.228 150 147 142 0.000987 0.999941 -0.010858
-1.050 -0.672 14.215 146 141 138 0.000995 0.999856 -0.016913
-1.109 -0.674 14.232 154 150 147 0.000989 0.999917 -0.012857
-1.090 -0.671 14.229 152 142 141 0.000991 0.999917 -0.012883
-1.042 -0.671 14.212 140 134 120 0.000989 0.999940 -0.010880
-1.064 -0.672 14.220 137 133 124 0.000997 0.999780 -0.020933
-1.068 -0.672 14.217 135 130 126 0.000995 0.999856 -0.016913
-1.081 -0.672 14.220 125 132 124 0.000985 0.999976 -0.006896
-1.033 -0.672 14.212 154 151 142 0.000983 0.999987 -0.004916
-1.085 -0.671 14.225 125 130 126 0.000983 0.999987 -0.004916
-1.103 -0.671 14.224 145 140 136 0.000989 0.999940 -0.010880
-1.088 -0.671 14.225 138 133 130 0.002979 0.999885 -0.014894
-1.072 -0.671 14.221 128 121 113 0.000991 0.999917 -0.012883
-1.027 -0.672 14.211 150 147 140 0.001007 0.999513 -0.031203
-1.099 -0.672 14.229 148 147 145 -0.000989 0.999917 -0.012857
-1.086 -0.672 14.229 151 146 142 0.000989 0.999940 -0.010880
-1.055 -0.673 14.217 141 138 129 0.000993 0.999857 -0.016879
-1.103 -0.671 14.234 152 147 143 0.000995 0.999856 -0.016913
-1.035 -0.671 14.213 147 143 134 0.001009 0.999445 -0.033281
-1.064 -0.672 14.216 136 135 130 -0.001005 0.999632 -0.027126
-1.059 -0.672 14.214 152 148 139 0.001005 0.999632 -0.027126
-1.086 -0.671 14.220 134 133 129 0.000985 0.999960 -0.008867
-1.055 -0.672 14.215 142 138 135 0.000997 0.999780 -0.020933
-1.073 -0.671 14.216 144 138 142 0.000987 0.999941 -0.010858
-1.089 -0.671 14.220 131 130 126 0.000993 0.999889 -0.014894
-1.081 -0.672 14.224 126 131 125 0.000983 0.999987 -0.004916
-1.091 -0.671 14.221 123 125 120 0.002961 0.999972 -0.006910
-1.038 -0.672 14.211 139 134 131 0.002973 0.999913 -0.012883
-1.068 -0.672 14.220 141 136 132 0.000993 0.999857 -0.016879
-1.087 -0.672 14.225 132 132 130 0.000993 0.999857 -0.016879
-1.050 -0.672 14.212 149 148 143 0.000991 0.999917 -0.012883
-1.108 -0.672 14.234 136 136 136 -0.000987 0.999941 -0.010858
-1.100 -0.671 14.224 146 137 130 0.000989 0.999940 -0.010880
-1.095 -0.671 14.229 151 150 145 0.000989 0.999940 -0.010880
-1.076 -0.671 14.225 127 133 121 -0.000993 0.999889 -0.014894
-1.078 -0.671 14.220 110 118 107 0.000989 0.999917 -0.012857
-1.100 -0.672 14.233 149 149 141 -0.000995 0.999856 -0.016913
-1.094 -0.671 14.225 140 131 132 0.000991 0.999889 -0.014865
-1.088 -0.671 14.228 149 139 138 0.000995 0.999856 -0.016913
-1.091 -0.671 14.224 134 137 130 -0.000989 0.999917 -0.012857
-1.107 -0.672 14.229 148 143 139 0.000993 0.999889 -0.014894
-0.925 -0.672 14.212 160 156 155 0.000989 0.999917 -0.012857
-0.944 -0.672 14.211 148 151 144 -0.000991 0.999917 -0.012883
-0.931 -0.672 14.211 153 157 142 0.000995 0.999821 -0.018902
-0.935 -0.672 14.212 145 141 130 0.000999 0.999736 -0.022971
-0.925 -0.672 14.216 159 159 147 -0.000993 0.999857 -0.016879
-0.936 -0.672 14.207 160 153 145 0.000987 0.999941 -0.010858
-0.939 -0.671 14.212 142 142 134 0.000991 0.999917 -0.012883
-0.928 -0.672 14.208 161 158 151 -0.000987 0.999941 -0.010858
-0.928 -0.672 14.213 156 152 141 -0.000995 0.999856 -0.016913
-0.920 -0.672 14.215 153 156 145 -0.002973 0.999913 -0.012883
-0.931 -0.672 14.208 153 153 143 0.000993 0.999889 -0.014894
-0.952 -0.671 14.212 146 144 132 0.000981 0.999987 -0.004907
-0.931 -0.672 14.215 154 147 141 0.000981 0.999987 -0.004907
-0.926 -0.673 14.216 156 153 144 0.000983 0.999976 -0.006883
-0.969 -0.672 14.220 165 156 149 0.000981 0.999995 -0.002944
-0.983 -0.672 14.207 151 144 134 -0.000979 0.999995 -0.002938
-1.002 -0.672 14.207 148 151 142 0.000983 0.999987 -0.004916
-1.015 -0.672 14.208 151 148 141 0.000983 0.999976 -0.006883
-1.011 -0.671 14.207 152 152 150 0.000997 0.999780 -0.020933
-0.991 -0.672 14.207 151 152 146 0.000983 0.999976 -0.006883
-1.019 -0.672 14.206 144 145 137 0.002956 0.999972 -0.006896
-0.998 -0.672 14.207 158 153 147 0.002961 0.999972 -0.006910
-0.988 -0.672 14.207 156 156 144 0.000981 0.999987 -0.004907
-0.980 -0.672 14.208 143 142 140 -0.000979 0.999995 -0.002938
-1.007 -0.672 14.207 151 148 143 0.000981 0.999995 -0.002944
-1.006 -0.672 14.208 150 145 142 -0.000987 0.999960 -0.008884
-1.038 -0.672 14.208 146 145 140 0.002950 0.999991 -0.002950
-1.027 -0.672 14.208 148 149 143 0.000983 0.999987 -0.004916
-1.034 -0.672 14.210 147 146 142 0.002956 0.999984 -0.004926
-1.055 -0.672 14.211 161 156 153 0.002967 0.999936 -0.010880
-1.046 -0.672 14.211 150 145 142 0.002961 0.999972 -0.006910
-1.024 -0.672 14.207 162 154 151 0.000993 0.999857 -0.016879
-1.033 -0.672 14.207 155 149 149 -0.001001 0.999686 -0.025017
-1.034 -0.672 14.208 148 147 143 0.000987 0.999941 -0.010858
