-1.682 -0.675 15.152 172 160 148 0.087053 -0.990082 -0.110267
-1.749 -0.675 15.083 174 162 162 0.089929 -0.989214 -0.115622
-1.686 -0.675 15.147 167 162 159 0.097720 -0.987798 -0.121267
-1.697 -0.673 15.124 161 162 146 0.081545 -0.991175 -0.104516
-1.701 -0.674 15.120 165 162 157 0.086343 -0.991218 -0.100158
-1.724 -0.673 15.087 169 163 151 0.066378 -0.993415 -0.093379
-1.703 -0.675 15.129 165 161 158 -0.041955 0.997236 0.061319
-1.724 -0.674 15.098 168 158 149 0.063478 -0.994482 -0.083523
-1.743 -0.673 15.079 169 159 158 -0.051385 0.995989 0.073251
-1.711 -0.674 15.108 184 168 155 0.076164 -0.992402 -0.096626
-1.735 -0.673 15.087 168 164 153 0.078940 -0.991898 -0.099533
-1.725 -0.674 15.092 168 164 155 0.081379 -0.991449 -0.102010
-1.717 -0.674 15.105 167 165 152 -0.083846 0.991222 0.102223
-1.747 -0.673 15.078 169 159 160 0.087231 -0.989779 -0.112819
-1.692 -0.674 15.139 168 159 150 0.089356 -0.989880 -0.110245
-1.688 -0.674 15.137 179 164 161 0.079101 -0.991632 -0.102029
-1.754 -0.675 15.080 165 161 149 0.089174 -0.990176 -0.107703
-1.711 -0.673 15.102 172 164 153 0.081379 -0.991449 -0.102010
-1.749 -0.673 15.077 162 155 147 0.066122 -0.994073 -0.086295
-1.791 -0.674 15.065 160 156 144 0.066122 -0.994073 -0.086295
-1.795 -0.674 15.064 166 162 150 -0.055989 0.995718 0.073554
-1.692 -0.674 15.136 170 157 151 0.070885 -0.993516 -0.088888
-1.712 -0.675 15.112 169 163 149 0.070885 -0.993516 -0.088888
-1.757 -0.675 15.085 167 160 142 0.048998 -0.996288 -0.070775
-1.704 -0.674 15.120 172 170 158 -0.058789 0.994981 0.080974
-1.729 -0.674 15.090 172 165 159 0.065988 -0.994288 -0.083883
-1.800 -0.673 15.058 166 166 156 -0.063489 0.994665 0.081311
-1.765 -0.674 15.073 163 163 153 0.074187 -0.991821 -0.103862
-1.782 -0.674 15.068 166 159 151 0.082211 -0.990000 -0.114632
-1.775 -0.674 15.074 168 165 158 0.079101 -0.991632 -0.102029
-1.762 -0.676 15.082 174 166 163 0.078761 -0.991935 -0.099308
-1.710 -0.673 15.103 184 176 165 0.076492 -0.992111 -0.099325
-1.769 -0.673 15.071 160 163 156 0.086676 -0.990422 -0.107479
-1.705 -0.674 15.114 168 165 160 0.081731 -0.991134 -0.104754
-1.698 -0.676 15.142 161 148 142 0.084209 -0.990903 -0.104973
-1.709 -0.673 15.109 170 167 150 0.081564 -0.991410 -0.102243
-1.697 -0.674 15.134 171 161 151 0.089539 -0.989576 -0.112795
-1.737 -0.675 15.090 166 164 151 0.058423 -0.995390 -0.076060
-1.709 -0.675 15.119 167 167 157 0.056111 -0.995700 -0.073715
-1.743 -0.674 15.086 169 160 155 -0.056102 0.995536 0.075903
-1.787 -0.673 15.061 166 157 152 0.058541 -0.995200 -0.078423
-1.689 -0.675 15.141 174 161 155 0.097748 -0.988078 -0.118946
-1.769 -0.674 15.077 168 166 154 0.071044 -0.993487 -0.089087
-1.750 -0.674 15.082 172 158 155 0.053582 -0.996184 -0.068891
-1.720 -0.674 15.098 164 166 152 0.102889 -0.987495 -0.119446
-1.716 -0.675 15.111 175 160 153 0.073287 -0.993325 -0.089072
-1.701 -0.675 15.128 156 154 142 0.083866 -0.991452 -0.099949
-1.778 -0.674 15.067 171 167 158 -0.049005 0.996439 0.068607
-1.675 -0.674 15.149 170 168 153 0.073903 -0.992572 -0.096642
-1.801 -0.673 15.056 178 175 168 -0.071174 0.993047 0.093769
-1.706 -0.673 15.109 168 168 156 0.084189 -0.990661 -0.107254
-1.676 -0.675 15.154 175 165 156 0.084382 -0.990618 -0.107500
-1.679 -0.673 15.143 164 161 144 0.084532 -0.990070 -0.112324
-1.785 -0.674 15.062 160 155 149 0.079243 -0.991117 -0.106806
-1.793 -0.673 15.061 169 162 154 0.056102 -0.995536 -0.075903
-1.671 -0.675 15.156 174 161 153 0.068492 -0.993700 -0.088703
-1.681 -0.674 15.148 171 162 147 0.053574 -0.996032 -0.071067
-1.706 -0.675 15.119 167 165 153 0.056111 -0.995700 -0.073715
-1.736 -0.673 15.085 169 165 153 -0.053691 0.996014 0.071222
-1.667 -0.674 15.155 165 156 159 0.076648 -0.991846 -0.101816
-1.721 -0.674 15.103 161 165 148 0.081731 -0.991134 -0.104754
-1.688 -0.674 15.133 177 173 161 0.087208 -0.989517 -0.115114
-1.723 -0.673 15.093 171 160 154 0.095582 -0.987680 -0.123903
-1.777 -0.675 15.073 169 162 154 0.095360 -0.987738 -0.123614
-1.787 -0.673 15.064 156 149 143 0.087030 -0.989826 -0.112559
-1.699 -0.675 15.134 174 164 154 0.094778 -0.988736 -0.115840
-1.683 -0.675 15.151 180 162 160 0.087231 -0.989779 -0.112819
-1.698 -0.674 15.129 164 161 146 0.084554 -0.990325 -0.110036
-1.694 -0.674 15.131 173 160 151 0.081898 -0.990851 -0.107275
-1.773 -0.674 15.069 173 159 158 -0.044369 0.996686 0.068177
-1.713 -0.673 15.098 160 163 146 0.079910 -0.990186 -0.114653
-1.733 -0.673 15.088 176 167 162 0.065975 -0.994099 -0.086103
-1.675 -0.675 15.155 183 167 154 0.079083 -0.991397 -0.104297
-1.738 -0.673 15.083 173 164 159 0.061383 -0.994408 -0.085936
-1.688 -0.675 15.147 172 165 159 -0.075545 0.993356 0.086820
-1.742 -0.673 15.081 170 156 156 0.086676 -0.990422 -0.107479
-1.746 -0.674 15.084 169 159 158 0.084017 -0.990945 -0.104734
-1.781 -0.673 15.064 172 163 158 0.071044 -0.993487 -0.089087
-1.694 -0.675 15.144 168 152 155 0.089745 -0.989527 -0.113056
-1.765 -0.675 15.079 167 163 152 0.074355 -0.991784 -0.104097
-1.707 -0.676 15.124 166 167 153 0.068632 -0.993471 -0.091134
-1.674 -0.674 15.150 180 173 154 0.103947 -0.985701 -0.132622
-1.788 -0.674 15.068 166 163 154 -0.053799 0.995838 0.073562
-1.693 -0.674 15.127 169 161 148 0.051082 -0.996634 -0.064124
-1.717 -0.673 15.096 158 169 153 0.084017 -0.990945 -0.104734
-1.681 -0.674 15.144 176 169 153 0.060887 -0.995218 -0.076385
-1.764 -0.675 15.081 177 170 162 0.030385 -0.998522 -0.045054
-1.684 -0.674 15.139 171 167 158 -0.041697 0.997522 0.056665
-1.700 -0.674 15.116 176 169 161 0.051082 -0.996634 -0.064124
-1.698 -0.676 15.139 173 160 154 -0.053582 0.996184 0.068891
-1.708 -0.675 15.114 165 165 157 -0.063349 0.994688 0.081131
-1.697 -0.673 15.121 158 161 150 0.055875 -0.995895 -0.071214
-1.685 -0.674 15.143 165 162 157 0.078940 -0.991898 -0.099533
-1.767 -0.674 15.072 165 163 150 -0.058186 0.995752 0.071360
-1.795 -0.673 15.059 175 163 149 -0.089174 0.990176 0.107703
-1.761 -0.674 15.075 169 160 151 -0.070754 0.993931 0.084231
-1.719 -0.673 15.094 176 169 159 0.100108 -0.988121 -0.116596
-1.679 -0.673 15.146 167 160 144 0.100080 -0.987847 -0.118918
-1.716 -0.673 15.100 158 167 148 0.095193 -0.988357 -0.118697
-1.721 -0.672 15.089 179 166 158 0.089174 -0.990176 -0.107703
-1.760 -0.674 15.077 170 163 157 0.095166 -0.988079 -0.121013
-1.703 -0.674 15.125 159 158 156 0.078601 -0.992193 -0.096827
-1.756 -0.673 15.078 160 157 150 0.061383 -0.994408 -0.085936
