-1.083 -0.679 15.042 137 135 123 0.015800 -0.963797 -0.266168
-1.214 -0.682 15.051 158 157 139 0.018148 -0.966695 -0.255285
-1.232 -0.678 15.033 140 130 126 0.026107 -0.956016 -0.292151
-1.211 -0.677 15.033 144 140 129 0.018086 -0.968185 -0.249582
-1.168 -0.682 15.048 159 155 146 -0.013256 -0.967673 -0.251860
-1.101 -0.678 15.041 133 125 112 0.010765 -0.970016 -0.242803
-1.272 -0.677 15.030 146 130 130 -0.039145 -0.953366 -0.299268
-1.260 -0.680 15.038 153 139 130 -0.011142 -0.952034 -0.305790
-1.132 -0.680 15.043 157 151 139 0.011060 -0.957327 -0.288796
-1.110 -0.679 15.042 150 144 130 0.013638 -0.953438 -0.301281
-1.141 -0.678 15.036 145 141 132 0.008526 -0.960982 -0.276480
-1.208 -0.681 15.050 147 144 135 0.010727 -0.971404 -0.237189
-1.186 -0.681 15.045 146 140 124 -0.015800 -0.963797 -0.266168
-1.123 -0.677 15.038 151 141 129 0.013324 -0.965401 -0.260428
-1.178 -0.678 15.036 136 130 116 -0.015756 -0.965974 -0.258159
-1.261 -0.678 15.033 148 134 133 -0.015891 -0.962000 -0.272587
-1.258 -0.678 15.034 150 136 127 -0.015907 -0.960520 -0.277755
-1.159 -0.680 15.039 145 140 136 -0.008463 -0.963605 -0.267198
-1.218 -0.680 15.043 146 137 130 0.025732 -0.964331 -0.263445
-1.180 -0.681 15.046 145 142 127 -0.015810 -0.964418 -0.263908
-1.218 -0.678 15.034 140 137 126 0.026193 -0.954175 -0.298102
-1.300 -0.676 15.029 154 153 135 -0.026679 -0.943938 -0.329044
-1.237 -0.678 15.035 152 135 127 0.013187 -0.969846 -0.243361
-1.205 -0.679 15.043 138 135 130 0.005919 -0.971841 -0.235562
-1.274 -0.676 15.029 156 143 135 -0.026341 -0.952050 -0.304807
-1.248 -0.678 15.030 120 130 105 0.008576 -0.956876 -0.290371
-1.123 -0.678 15.041 150 140 131 0.010595 -0.975938 -0.217791
-1.272 -0.678 15.034 148 137 133 -0.036686 -0.950049 -0.309936
-1.198 -0.679 15.042 144 142 129 -0.008363 -0.968902 -0.247303
-1.187 -0.678 15.035 129 141 117 -0.008353 -0.970179 -0.242246
-1.266 -0.681 15.041 164 145 139 -0.033855 -0.954222 -0.297176
-1.167 -0.679 15.036 147 133 130 -0.015880 -0.961357 -0.274848
-1.128 -0.682 15.050 156 153 134 0.015827 -0.962995 -0.269054
-1.186 -0.679 15.039 133 134 116 -0.021121 -0.955431 -0.294457
-1.210 -0.680 15.047 160 153 139 0.020556 -0.968571 -0.247886
-1.213 -0.679 15.041 137 138 120 0.017907 -0.972931 -0.230400
-1.232 -0.680 15.038 136 132 121 0.033024 -0.967491 -0.250740
-1.194 -0.677 15.035 130 126 114 -0.010609 -0.974811 -0.222780
-1.176 -0.678 15.034 131 133 111 -0.013164 -0.970549 -0.240543
-1.294 -0.681 15.047 156 152 141 -0.026554 -0.947077 -0.319907
-1.240 -0.681 15.041 152 142 130 0.031038 -0.959690 -0.279341
-1.244 -0.679 15.034 148 143 137 0.008449 -0.964394 -0.264333
-1.305 -0.675 15.031 146 134 134 -0.018760 -0.949264 -0.313920
-1.153 -0.680 15.038 141 134 126 -0.001203 -0.963362 -0.268202
-1.301 -0.678 15.035 153 147 133 -0.018937 -0.943077 -0.332034
-1.253 -0.681 15.041 158 152 140 -0.006112 -0.957099 -0.289697
-1.203 -0.676 15.033 135 130 126 0.013606 -0.953663 -0.300571
-1.093 -0.681 15.048 132 129 96 0.010925 -0.962603 -0.270694
-1.241 -0.680 15.030 151 145 131 0.023252 -0.963135 -0.268013
-1.189 -0.677 15.034 134 137 120 -0.006004 -0.966714 -0.255789
-1.236 -0.680 15.039 156 138 130 0.025583 -0.966060 -0.257048
-1.227 -0.681 15.044 149 147 132 0.023267 -0.963764 -0.265739
-1.223 -0.679 15.037 138 131 120 0.025847 -0.961249 -0.274467
-1.191 -0.681 15.047 139 144 124 -0.008339 -0.970875 -0.239443
-1.202 -0.678 15.042 130 129 125 0.005970 -0.968344 -0.249549
-1.245 -0.677 15.025 130 133 116 0.003682 -0.953706 -0.300718
-1.192 -0.678 15.038 137 136 118 -0.018148 -0.966695 -0.255285
-1.145 -0.679 15.038 148 140 129 0.005943 -0.971027 -0.238894
-1.174 -0.682 15.047 139 145 133 -0.015971 -0.959478 -0.281332
-1.172 -0.679 15.039 127 130 119 -0.020686 -0.964949 -0.261619
-1.309 -0.675 15.031 156 152 143 -0.016285 -0.948307 -0.316937
-1.247 -0.680 15.038 155 157 152 -0.001230 -0.951115 -0.308835
-1.111 -0.679 15.039 151 144 138 0.006025 -0.965190 -0.261481
-1.253 -0.678 15.030 144 133 129 -0.013406 -0.961575 -0.274214
-1.133 -0.681 15.047 149 142 134 0.010932 -0.963234 -0.268442
-1.215 -0.676 15.030 147 150 139 0.008406 -0.966697 -0.255785
-1.121 -0.680 15.044 154 140 131 0.008397 -0.968028 -0.250704
-1.316 -0.675 15.032 161 156 150 -0.001217 -0.957524 -0.288352
-1.129 -0.678 15.037 152 145 135 0.013256 -0.967673 -0.251860
-1.250 -0.680 15.037 134 142 129 -0.013338 -0.964003 -0.265556
-1.097 -0.679 15.042 136 126 114 0.005919 -0.971841 -0.235562
-1.142 -0.678 15.034 147 139 128 0.008262 -0.973677 -0.227781
-1.119 -0.680 15.045 149 142 134 0.015853 -0.962182 -0.271947
-1.293 -0.679 15.037 137 137 127 -0.023893 -0.949414 -0.313118
-1.248 -0.680 15.034 126 138 126 0.003635 -0.960737 -0.277438
-1.302 -0.680 15.042 164 154 144 -0.021106 -0.954730 -0.296724
-1.200 -0.677 15.034 119 118 110 -0.006035 -0.964411 -0.264338
-1.088 -0.680 15.046 145 137 124 0.005919 -0.971841 -0.235562
-1.120 -0.680 15.047 147 140 132 0.008193 -0.977270 -0.211839
-1.213 -0.677 15.035 142 140 127 0.025995 -0.959356 -0.280998
-1.207 -0.676 15.032 138 139 131 0.001199 -0.965534 -0.260274
-1.122 -0.680 15.046 163 144 137 0.008218 -0.975570 -0.219533
-1.129 -0.681 15.045 149 145 136 0.008576 -0.956876 -0.290371
-1.106 -0.679 15.045 150 140 128 0.010888 -0.964202 -0.264944
-1.190 -0.679 15.041 128 141 115 -0.006086 -0.960349 -0.278733
-1.235 -0.677 15.029 155 134 139 0.025890 -0.960407 -0.277396
-1.145 -0.678 15.034 150 146 135 0.008492 -0.961991 -0.272948
-1.185 -0.680 15.043 144 136 125 -0.015933 -0.959672 -0.280670
-1.261 -0.682 15.042 163 150 141 -0.021071 -0.955647 -0.293759
-1.217 -0.681 15.047 159 151 142 0.018191 -0.966536 -0.255884
-1.241 -0.680 15.034 148 141 125 0.013210 -0.969133 -0.246186
-1.298 -0.678 15.036 160 154 142 -0.023661 -0.955161 -0.295141
-1.265 -0.676 15.025 144 141 124 -0.033911 -0.953281 -0.300177
-1.223 -0.680 15.041 146 131 110 0.025864 -0.961896 -0.272188
-1.283 -0.679 15.037 142 135 129 -0.045295 -0.938261 -0.342950
-1.307 -0.675 15.028 157 148 141 -0.018805 -0.949016 -0.314667
-1.279 -0.674 15.025 134 135 129 -0.043956 -0.958238 -0.282573
-1.096 -0.680 15.047 140 139 121 0.008295 -0.972900 -0.231079
-1.100 -0.677 15.038 134 124 112 0.003520 -0.975092 -0.221772
-1.141 -0.680 15.041 140 140 130 0.005994 -0.967460 -0.252954
-1.275 -0.681 15.043 160 147 139 -0.036922 -0.945980 -0.322117
-1.307 -0.678 15.038 148 139 134 -0.013801 -0.944762 -0.327467
-1.088 -0.680 15.042 125 125 101 0.013134 -0.970688 -0.239985
-1.153 -0.678 15.033 145 138 132 -0.001209 -0.960928 -0.276796
-1.201 -0.682 15.050 141 143 129 0.006021 -0.964579 -0.263724
-1.190 -0.680 15.045 136 144 123 -0.010950 -0.962425 -0.271328
-1.183 -0.678 15.039 143 134 125 -0.020932 -0.959194 -0.281971
-1.285 -0.674 15.028 133 114 118 -0.041597 -0.954213 -0.296222
-1.191 -0.682 15.051 160 158 145 -0.015611 -0.969099 -0.246178
-1.101 -0.679 15.047 138 132 120 0.001177 -0.973308 -0.229498
-1.151 -0.679 15.036 140 136 124 0.005870 -0.975587 -0.219536
-1.160 -0.681 15.046 156 146 134 -0.010702 -0.971538 -0.236641
-1.143 -0.680 15.043 143 141 129 0.010571 -0.976049 -0.217291
-1.119 -0.678 15.041 149 139 130 0.005870 -0.975587 -0.219536
-1.192 -0.682 15.054 167 163 152 -0.003616 -0.963183 -0.268823
-1.102 -0.678 15.043 142 138 129 0.010765 -0.970016 -0.242803
-1.255 -0.678 15.034 146 135 133 -0.003616 -0.963183 -0.268823
-1.307 -0.676 15.033 145 134 128 -0.018835 -0.948012 -0.317678
-1.159 -0.679 15.034 146 140 128 -0.008534 -0.959486 -0.281628
-1.156 -0.681 15.044 151 143 132 -0.008604 -0.955077 -0.296234
-1.113 -0.680 15.047 146 144 132 0.013134 -0.970688 -0.239985
-1.303 -0.680 15.046 169 155 144 -0.026448 -0.948351 -0.316117
-1.296 -0.677 15.033 152 149 134 -0.031429 -0.951676 -0.305492
-1.281 -0.681 15.043 150 147 138 -0.036353 -0.956466 -0.289572
-1.295 -0.681 15.048 159 156 141 -0.029080 -0.947010 -0.319885
-1.168 -0.680 15.043 152 141 137 -0.020876 -0.961546 -0.273850
-1.279 -0.678 15.036 138 140 129 -0.033824 -0.955853 -0.291892
-1.278 -0.676 15.029 134 134 124 -0.036655 -0.951769 -0.304617
-1.264 -0.677 15.032 153 135 135 -0.031016 -0.959022 -0.281628
-1.267 -0.678 15.033 144 138 126 -0.033824 -0.955853 -0.291892
-1.230 -0.678 15.030 137 134 125 0.025583 -0.966060 -0.257048
-1.107 -0.678 15.038 155 141 132 0.008310 -0.972235 -0.233859
-1.089 -0.680 15.037 143 133 124 -0.001203 -0.963981 -0.265967
-1.155 -0.679 15.037 148 139 132 -0.003576 -0.969075 -0.246739
-1.294 -0.681 15.044 145 136 131 -0.029196 -0.945709 -0.323699
-1.258 -0.676 15.028 145 134 128 -0.031090 -0.958822 -0.282299
-1.167 -0.680 15.041 150 136 133 -0.023347 -0.962138 -0.271561
-1.293 -0.679 15.035 140 137 128 -0.032107 -0.938820 -0.342907
-1.164 -0.681 15.041 135 139 125 -0.023371 -0.960656 -0.276757
-1.083 -0.679 15.039 134 137 118 0.018253 -0.964995 -0.261632
-1.097 -0.678 15.038 127 119 106 0.018242 -0.964378 -0.263897
-1.092 -0.680 15.042 94 90 63 0.018159 -0.967290 -0.253021
-1.284 -0.681 15.043 155 151 140 -0.036353 -0.956466 -0.289572
-1.301 -0.680 15.041 164 156 145 -0.030964 -0.959886 -0.278677
-1.211 -0.678 15.037 132 134 121 0.020699 -0.965562 -0.259350
-1.106 -0.677 15.036 152 139 130 0.013482 -0.959707 -0.280680
-1.117 -0.680 15.048 151 140 134 0.010895 -0.964818 -0.262692
-1.264 -0.676 15.028 145 139 127 -0.039466 -0.948452 -0.314453
-1.158 -0.682 15.046 154 145 130 -0.006092 -0.958842 -0.283876
-1.312 -0.678 15.040 154 141 132 -0.008618 -0.954159 -0.299175
-1.280 -0.681 15.046 165 153 141 -0.044547 -0.950752 -0.306735
-1.307 -0.681 15.044 165 152 143 -0.028728 -0.955519 -0.293526
-1.212 -0.682 15.051 158 154 143 0.008305 -0.971693 -0.236101
-1.289 -0.677 15.032 137 133 124 -0.036266 -0.956678 -0.288879
-1.202 -0.677 15.037 122 122 120 0.001183 -0.971313 -0.237800
-1.120 -0.678 15.038 148 138 129 0.003562 -0.969926 -0.243372
-1.114 -0.679 15.039 153 142 136 0.008382 -0.968755 -0.247877
-1.256 -0.681 15.041 163 154 149 -0.013406 -0.961575 -0.274214
-1.181 -0.680 15.041 140 136 127 -0.013256 -0.967673 -0.251860
-1.292 -0.676 15.027 141 141 129 -0.036206 -0.957575 -0.285899
-1.286 -0.675 15.027 141 132 125 -0.036047 -0.960852 -0.274707
-1.256 -0.679 15.037 151 141 142 -0.013495 -0.958177 -0.285858
-1.288 -0.680 15.043 154 146 135 -0.026279 -0.952284 -0.304080
-1.195 -0.677 15.036 133 129 120 -0.008276 -0.973026 -0.230547
-1.088 -0.680 15.043 125 134 107 0.005818 -0.978546 -0.205948
-1.196 -0.681 15.048 151 146 126 -0.008145 -0.978530 -0.205945
-1.262 -0.675 15.026 150 139 133 -0.021087 -0.956341 -0.291492
-1.304 -0.678 15.039 158 150 137 -0.021430 -0.946686 -0.321445
-1.257 -0.676 15.026 152 139 131 -0.018316 -0.963409 -0.267410
-1.181 -0.682 15.051 164 159 140 -0.018117 -0.967446 -0.252430
-1.147 -0.680 15.040 145 138 128 0.010633 -0.974693 -0.223293
-1.137 -0.680 15.044 156 152 143 0.008262 -0.973677 -0.227781
-1.226 -0.677 15.029 159 141 141 0.017707 -0.976228 -0.216021
-1.177 -0.681 15.046 150 142 129 -0.010690 -0.972751 -0.231607
-1.092 -0.679 15.038 81 79 58 0.003545 -0.972520 -0.232790
-1.270 -0.679 15.038 155 142 136 -0.028373 -0.960997 -0.275099
-1.090 -0.680 15.037 130 116 105 -0.001175 -0.973953 -0.226747
-1.205 -0.682 15.054 155 157 148 0.001187 -0.969932 -0.243373
-1.309 -0.677 15.037 151 138 130 -0.018670 -0.952186 -0.304948
-1.226 -0.679 15.037 145 138 122 0.023505 -0.958745 -0.283294
-1.271 -0.681 15.042 159 148 142 -0.036535 -0.953686 -0.298578
-1.252 -0.676 15.026 153 141 141 -0.021071 -0.955647 -0.293759
-1.165 -0.681 15.047 145 148 137 -0.015648 -0.968952 -0.246752
-1.208 -0.677 15.037 136 136 127 0.017811 -0.974873 -0.222048
-1.133 -0.679 15.038 157 147 135 0.010652 -0.974056 -0.226057
-1.225 -0.678 15.033 149 132 125 0.027856 -0.970121 -0.241016
-1.106 -0.678 15.041 147 137 127 0.010851 -0.965756 -0.259223
-1.248 -0.677 15.025 126 132 106 0.008497 -0.962626 -0.270701
-1.195 -0.679 15.042 137 135 122 -0.013370 -0.963831 -0.266178
-1.145 -0.680 15.042 150 143 127 0.015810 -0.964418 -0.263908
-1.290 -0.681 15.045 154 146 133 -0.042143 -0.946297 -0.320541
-1.287 -0.678 15.038 138 125 117 -0.028964 -0.950774 -0.308529
-1.302 -0.675 15.031 155 152 137 -0.031327 -0.953587 -0.299484
-1.224 -0.682 15.047 162 145 127 0.030701 -0.964025 -0.264032
-1.282 -0.680 15.039 143 146 135 -0.028633 -0.957331 -0.287573
-1.217 -0.678 15.037 143 138 133 0.010925 -0.962603 -0.270694
-1.271 -0.675 15.024 156 142 141 -0.031505 -0.951438 -0.306224
-1.261 -0.677 15.029 152 135 141 -0.018593 -0.955694 -0.293774
-1.268 -0.681 15.046 165 153 137 -0.026532 -0.946308 -0.322174
-1.311 -0.676 15.034 153 150 143 -0.013704 -0.950569 -0.310212
-1.205 -0.680 15.047 140 139 135 0.006035 -0.964411 -0.264338
-1.181 -0.678 15.036 144 137 127 -0.020664 -0.966331 -0.256473
-1.274 -0.679 15.039 147 136 130 -0.039015 -0.955242 -0.293243
-1.266 -0.679 15.036 155 145 136 -0.021412 -0.945917 -0.323702
-1.204 -0.681 15.050 152 149 146 0.015800 -0.963797 -0.266168
-1.244 -0.677 15.029 141 140 135 0.018549 -0.955908 -0.293079
-1.282 -0.674 15.024 137 122 125 -0.053560 -0.936639 -0.346178
-1.297 -0.676 15.030 154 150 141 -0.026983 -0.934127 -0.355919
-1.137 -0.679 15.037 145 145 135 0.015773 -0.964588 -0.263290
-1.161 -0.681 15.042 150 144 132 -0.015719 -0.966136 -0.257556
-1.235 -0.678 15.031 153 132 132 0.028421 -0.960150 -0.278036
-1.253 -0.680 15.036 155 145 135 -0.010980 -0.960120 -0.279374
-1.129 -0.679 15.042 144 139 133 0.013156 -0.969988 -0.242796
-1.215 -0.681 15.048 144 143 123 0.028150 -0.965669 -0.258246
-1.240 -0.680 15.037 154 139 132 0.015783 -0.965202 -0.261029
-1.310 -0.679 15.043 153 146 140 -0.024099 -0.942412 -0.333586
-1.274 -0.678 15.034 147 132 129 -0.036627 -0.951034 -0.306908
-1.275 -0.675 15.025 146 141 135 -0.039560 -0.945619 -0.322863
-1.173 -0.678 15.035 132 128 116 -0.018488 -0.957696 -0.287186
-1.220 -0.678 15.034 144 137 119 0.023267 -0.963764 -0.265739
-1.121 -0.682 15.052 155 152 143 0.010950 -0.962425 -0.271328
-1.241 -0.678 15.026 147 144 135 0.011231 -0.947115 -0.320697
-1.188 -0.683 15.051 157 154 139 -0.008469 -0.964225 -0.264950
-1.272 -0.682 15.047 167 154 146 -0.031859 -0.944309 -0.327513
-1.178 -0.682 15.051 162 156 142 -0.018440 -0.960098 -0.279055
-1.164 -0.679 15.037 149 141 130 -0.015800 -0.963797 -0.266168
-1.179 -0.680 15.042 141 134 116 -0.008534 -0.959486 -0.281628
-1.284 -0.681 15.046 147 151 137 -0.039593 -0.946396 -0.320574
-1.275 -0.681 15.047 165 152 144 -0.036981 -0.944929 -0.325178
-1.315 -0.677 15.039 142 145 134 -0.003616 -0.963183 -0.268823
-1.185 -0.677 15.033 135 143 120 -0.020508 -0.968720 -0.247307
-1.198 -0.677 15.036 134 131 122 -0.006015 -0.965957 -0.258631
-1.195 -0.683 15.052 157 155 134 -0.015729 -0.966735 -0.255296
-1.318 -0.676 15.032 154 145 128 -0.003703 -0.951597 -0.307325
-1.109 -0.680 15.046 148 141 125 0.016013 -0.957057 -0.289457
-1.152 -0.681 15.043 149 147 135 -0.006126 -0.956893 -0.290376
-1.209 -0.679 15.044 149 142 136 0.028325 -0.961832 -0.272170
-1.174 -0.680 15.042 134 132 119 -0.015810 -0.964418 -0.263908
-1.199 -0.681 15.047 139 141 130 0.001199 -0.965534 -0.260274
-1.165 -0.680 15.044 140 140 130 -0.013256 -0.967673 -0.251860
-1.236 -0.677 15.028 152 142 133 0.020757 -0.963363 -0.267397
-1.285 -0.676 15.033 135 124 118 -0.029080 -0.947010 -0.319885
-1.125 -0.679 15.041 151 139 127 0.008406 -0.966697 -0.255785
-1.213 -0.681 15.045 135 138 121 0.028052 -0.967198 -0.252472
-1.114 -0.679 15.043 147 138 133 0.013518 -0.957298 -0.288787
-1.244 -0.680 15.038 151 144 128 0.006031 -0.963794 -0.266581
-1.179 -0.679 15.038 135 129 117 -0.018253 -0.964995 -0.261632
-1.298 -0.680 15.041 153 147 133 -0.016117 -0.953403 -0.301270
-1.155 -0.678 15.034 145 135 133 -0.001195 -0.967043 -0.254611
-1.138 -0.681 15.046 157 153 144 0.013270 -0.966330 -0.256964
-1.265 -0.682 15.047 166 164 149 -0.026406 -0.949354 -0.313098
-1.280 -0.677 15.033 135 132 125 -0.039593 -0.946396 -0.320574
-1.182 -0.678 15.033 147 144 125 -0.018409 -0.960943 -0.276133
-1.387 -0.679 15.047 159 158 137 -0.027644 -0.972331 -0.231965
-1.381 -0.678 15.038 148 151 144 -0.035093 -0.971711 -0.233550
-1.373 -0.679 15.037 144 146 133 -0.017684 -0.977320 -0.211026
-1.355 -0.678 15.028 158 155 150 0.001189 -0.969226 -0.246171
-1.385 -0.679 15.046 162 156 142 -0.025151 -0.973718 -0.226363
-1.355 -0.680 15.039 162 152 140 -0.010533 -0.977249 -0.211835
-1.391 -0.676 15.034 164 150 150 -0.024778 -0.978136 -0.206482
-1.377 -0.679 15.038 148 148 140 -0.032030 -0.978685 -0.202855
-1.365 -0.679 15.038 154 149 145 -0.022174 -0.981489 -0.190229
-1.413 -0.678 15.045 144 144 132 -0.029359 -0.980607 -0.193773
-1.398 -0.677 15.038 166 156 144 -0.036667 -0.980553 -0.192799
-1.409 -0.677 15.040 151 154 135 -0.038682 -0.983451 -0.176998
-1.407 -0.675 15.034 164 167 150 -0.044305 -0.978307 -0.202367
-1.332 -0.678 15.038 154 149 146 0.010998 -0.959269 -0.282282
-1.346 -0.679 15.035 151 147 135 0.018054 -0.968913 -0.246742
-1.341 -0.680 15.047 163 151 151 -0.001223 -0.954848 -0.297091
-1.337 -0.678 15.033 151 145 147 0.008540 -0.960142 -0.279381
-1.381 -0.677 15.034 138 144 134 -0.036990 -0.977255 -0.208815
-1.330 -0.676 15.031 160 152 149 0.010888 -0.964202 -0.264944
-1.377 -0.679 15.042 155 157 144 -0.042259 -0.974368 -0.220953
-1.374 -0.677 15.028 142 145 134 -0.032541 -0.972600 -0.230194
-1.369 -0.678 15.032 147 151 128 -0.042204 -0.975515 -0.215843
-1.347 -0.680 15.037 148 145 138 0.005980 -0.967613 -0.252369
-1.350 -0.679 15.047 160 160 148 -0.003551 -0.971852 -0.235565
-1.380 -0.675 15.029 155 157 136 -0.049682 -0.975464 -0.214481
-1.343 -0.679 15.034 161 149 133 0.001205 -0.963188 -0.268825
-1.408 -0.678 15.044 161 157 145 -0.035343 -0.968888 -0.244964
-1.401 -0.677 15.041 164 154 145 -0.048274 -0.966712 -0.251271
-1.357 -0.679 15.037 158 149 142 -0.028084 -0.965834 -0.257637
-1.315 -0.679 15.044 158 148 138 -0.008469 -0.964225 -0.264950
-1.377 -0.679 15.034 148 149 141 -0.035489 -0.968001 -0.248425
-1.413 -0.677 15.042 153 148 145 -0.037933 -0.967914 -0.248403
-1.392 -0.677 15.037 151 146 150 -0.035489 -0.968001 -0.248425
-1.374 -0.680 15.042 152 154 143 -0.045125 -0.972024 -0.230505
-1.395 -0.678 15.043 154 141 148 -0.033348 -0.962146 -0.270488
-1.395 -0.679 15.046 153 143 144 -0.035218 -0.970321 -0.239241
-1.319 -0.679 15.041 154 150 149 0.003682 -0.953706 -0.300718
-1.388 -0.677 15.038 156 142 142 -0.044202 -0.978409 -0.201894
-1.399 -0.675 15.033 162 156 144 -0.034019 -0.981862 -0.186519
-1.329 -0.676 15.034 148 148 140 0.028707 -0.954817 -0.295806
-1.356 -0.680 15.042 164 154 142 -0.008145 -0.978530 -0.205945
-1.392 -0.678 15.043 155 145 144 -0.019714 -0.982219 -0.186703
-1.349 -0.680 15.043 154 155 149 0.008163 -0.978430 -0.206415
-1.394 -0.677 15.040 152 141 149 -0.010405 -0.981580 -0.190766
-1.349 -0.679 15.032 147 143 131 0.017492 -0.980699 -0.194740
-1.342 -0.679 15.037 148 149 135 0.008435 -0.965173 -0.261476
-1.421 -0.676 15.042 158 156 141 -0.027248 -0.977387 -0.209694
-1.331 -0.679 15.041 146 143 138 0.006041 -0.962997 -0.269446
-1.411 -0.675 15.034 160 159 154 -0.036582 -0.980644 -0.192353
-1.334 -0.679 15.042 155 149 149 0.013428 -0.960743 -0.277114
-1.416 -0.675 15.037 162 157 151 -0.041796 -0.978035 -0.204205
-1.392 -0.678 15.047 162 149 143 -0.024472 -0.982379 -0.185289
-1.328 -0.678 15.041 143 141 126 0.010821 -0.967854 -0.251281
-1.346 -0.680 15.042 162 146 133 0.001162 -0.977134 -0.212622
-1.403 -0.678 15.041 161 162 157 -0.039320 -0.978233 -0.203749
-1.370 -0.679 15.037 147 150 131 -0.041642 -0.979177 -0.198691
-1.369 -0.676 15.028 150 152 139 -0.034670 -0.976740 -0.211607
-1.414 -0.676 15.038 155 156 140 -0.034463 -0.978031 -0.205589
-1.388 -0.678 15.042 159 148 144 -0.039682 -0.975220 -0.217651
-1.354 -0.680 15.044 165 155 146 -0.008145 -0.978530 -0.205945
-1.355 -0.679 15.031 154 149 145 -0.008130 -0.979093 -0.203252
-1.371 -0.677 15.028 153 149 146 -0.040282 -0.970423 -0.238028
-1.337 -0.680 15.043 143 138 134 0.010702 -0.971538 -0.236641
-1.332 -0.680 15.047 151 143 141 0.013042 -0.973381 -0.228822
-1.365 -0.679 15.035 156 151 147 -0.018117 -0.967446 -0.252430
-1.379 -0.676 15.028 145 146 138 -0.012880 -0.977704 -0.209592
-1.382 -0.675 15.028 170 158 144 -0.017770 -0.974990 -0.221535
-1.359 -0.677 15.028 158 152 156 -0.010590 -0.975435 -0.220032
-1.393 -0.675 15.032 169 162 154 -0.017620 -0.978485 -0.205564
-1.339 -0.678 15.037 135 144 125 0.010646 -0.973532 -0.228301
-1.387 -0.675 15.029 161 155 159 -0.031720 -0.980981 -0.191497
-1.417 -0.676 15.042 164 158 146 -0.032675 -0.971791 -0.233569
-1.328 -0.677 15.037 137 139 126 0.008363 -0.968902 -0.247303
-1.360 -0.679 15.033 153 147 149 -0.017928 -0.971719 -0.235460
-1.336 -0.678 15.036 146 141 135 0.003616 -0.963183 -0.268823
-1.325 -0.681 15.046 157 154 139 0.001218 -0.958193 -0.286119
-1.401 -0.677 15.038 162 155 149 -0.027361 -0.976682 -0.212943
-1.337 -0.680 15.046 155 150 146 0.005984 -0.968195 -0.250127
-1.319 -0.677 15.036 163 154 147 0.001210 -0.961569 -0.274561
-1.402 -0.675 15.032 174 170 161 -0.042182 -0.975005 -0.218141
-1.322 -0.676 15.033 146 144 129 0.013370 -0.963831 -0.266178
-1.417 -0.677 15.046 157 145 131 -0.037329 -0.974157 -0.222768
-1.363 -0.678 15.033 155 149 149 -0.036940 -0.978322 -0.203767
-1.324 -0.678 15.039 144 141 126 0.008420 -0.965941 -0.258627
-1.404 -0.676 15.038 164 160 148 -0.027100 -0.979118 -0.201479
-1.395 -0.676 15.038 157 150 142 -0.049199 -0.977984 -0.202797
-1.390 -0.678 15.040 156 144 146 -0.036736 -0.980010 -0.195528
-1.363 -0.677 15.029 161 157 148 -0.013164 -0.970549 -0.240543
-1.374 -0.679 15.035 148 145 138 -0.042204 -0.975515 -0.215843
-1.333 -0.676 15.032 148 141 131 0.010758 -0.969450 -0.245052
-1.361 -0.680 15.037 154 154 152 -0.015675 -0.968224 -0.249592
-1.381 -0.679 15.042 152 152 144 -0.047758 -0.971088 -0.233894
-1.347 -0.680 15.046 158 146 134 0.003688 -0.952774 -0.303658
-1.350 -0.678 15.030 155 149 135 0.001212 -0.960742 -0.277440
-1.323 -0.679 15.044 158 154 142 0.018488 -0.957696 -0.287186
-1.391 -0.675 15.030 165 156 147 -0.022704 -0.973898 -0.225849
-1.350 -0.679 15.037 151 144 138 -0.001219 -0.956644 -0.291258
-1.387 -0.676 15.033 151 149 150 -0.032773 -0.969835 -0.241548
-1.342 -0.680 15.042 140 135 132 0.001199 -0.965534 -0.260274
-1.376 -0.677 15.030 137 143 131 -0.045100 -0.971475 -0.232813
