-0.445 -0.675 14.348 153 154 140 0.003263 -0.992943 -0.118544
-0.440 -0.675 14.345 163 158 138 0.005275 -0.997016 -0.077018
-0.449 -0.675 14.345 164 158 151 0.005244 -0.997364 -0.072364
-0.499 -0.675 14.348 146 148 137 0.007006 0.999831 0.017014
-0.490 -0.675 14.346 158 152 140 -0.003176 -0.996311 -0.085761
-0.490 -0.675 14.348 156 146 144 0.007075 0.999603 0.027289
-0.454 -0.675 14.345 157 153 142 -0.001102 -0.990769 -0.135556
-0.507 -0.675 14.348 154 150 141 0.010923 0.999916 -0.006951
-0.476 -0.675 14.348 163 160 145 0.003226 0.994541 0.104292
-0.419 -0.674 14.333 159 152 144 -0.007763 -0.990315 -0.138622
-0.366 -0.674 14.329 149 145 136 -0.005555 -0.989979 -0.141108
-0.442 -0.674 14.336 155 146 137 -0.001108 -0.989410 -0.145143
-0.390 -0.673 14.327 165 159 147 -0.005482 -0.992280 -0.123898
-0.382 -0.673 14.322 149 151 146 -0.007589 -0.994194 -0.107334
-0.400 -0.673 14.322 153 151 143 -0.010003 -0.990252 -0.138924
-0.360 -0.673 14.325 150 152 138 -0.012349 -0.989050 -0.147066
-0.355 -0.674 14.336 159 157 144 -0.005576 -0.989254 -0.146102
-0.440 -0.673 14.331 155 147 136 -0.005575 -0.988929 -0.148284
-0.436 -0.675 14.344 154 151 142 0.009350 -0.998323 -0.057136
-0.373 -0.673 14.318 160 151 144 -0.003098 0.998497 0.054726
-0.386 -0.672 14.318 164 160 151 0.001091 -0.992091 -0.125512
-0.368 -0.673 14.322 150 149 131 -0.007560 -0.994694 -0.102601
-0.439 -0.674 14.336 145 149 135 -0.003250 -0.993503 -0.113760
-0.445 -0.674 14.332 159 160 144 0.001079 -0.993804 -0.111142
-0.431 -0.674 14.331 150 147 138 0.003182 -0.996111 -0.088048
-0.395 -0.673 14.326 156 150 138 -0.005493 -0.991973 -0.126331
-0.355 -0.674 14.319 161 157 148 -0.005503 -0.991659 -0.128773
-0.390 -0.673 14.319 157 161 144 0.001038 -0.997858 -0.065416
-0.382 -0.672 14.317 153 157 143 -0.001034 -0.998136 -0.061026
-0.371 -0.673 14.322 150 149 131 -0.003275 -0.992356 -0.123362
-0.449 -0.674 14.336 157 154 149 0.011009 -0.999855 -0.013011
-0.365 -0.674 14.331 155 149 125 -0.007704 -0.991644 -0.128771
-0.378 -0.673 14.323 151 149 137 -0.005387 -0.994509 -0.104515
-0.368 -0.673 14.317 152 149 140 0.005429 0.993465 0.114004
-0.355 -0.674 14.323 154 147 141 -0.010003 -0.990252 -0.138924
-0.440 -0.674 14.341 160 158 143 -0.005430 -0.993709 -0.111860
-0.448 -0.674 14.340 146 153 142 -0.003219 0.994785 0.101947
-0.397 -0.673 14.320 162 153 138 -0.007690 -0.991959 -0.126329
-0.398 -0.672 14.322 157 151 137 0.003104 -0.998375 -0.056902
-0.360 -0.673 14.321 153 156 137 0.003257 0.993475 0.114005
-0.405 -0.673 14.330 151 148 143 -0.003220 -0.995000 -0.099822
-0.449 -0.674 14.331 164 154 158 0.007589 -0.994194 -0.107334
-0.373 -0.673 14.322 146 146 136 -0.005430 -0.993709 -0.111860
-0.364 -0.673 14.317 146 150 135 0.003177 0.996489 0.083659
-0.422 -0.674 14.331 150 154 140 -0.003232 -0.994292 -0.106647
-0.367 -0.674 14.327 148 144 141 0.007631 0.993144 0.116648
-0.405 -0.673 14.328 153 149 146 -0.005450 -0.992903 -0.118800
-0.404 -0.672 14.323 156 147 142 -0.001034 -0.998260 -0.058965
-0.400 -0.673 14.327 151 148 141 -0.003207 -0.995252 -0.097280
-0.364 -0.674 14.333 162 155 136 -0.003232 -0.994292 -0.106647
-0.360 -0.674 14.330 143 139 140 -0.010078 -0.988796 -0.148935
-0.378 -0.673 14.327 144 145 131 -0.001046 0.997236 0.074296
-0.436 -0.673 14.330 165 156 149 0.005409 -0.994233 -0.107105
-0.414 -0.673 14.327 160 156 149 -0.003307 -0.991058 -0.133390
-0.436 -0.674 14.335 164 161 152 0.001077 0.994066 0.108776
-0.414 -0.674 14.332 149 150 136 0.007300 -0.998078 -0.061533
-0.373 -0.674 14.327 148 152 138 -0.010003 -0.990252 -0.138924
-0.445 -0.675 14.340 151 149 137 0.015012 -0.999827 -0.011009
-0.427 -0.674 14.332 142 147 140 -0.007809 -0.989559 -0.143916
-0.444 -0.674 14.332 158 159 143 0.011272 -0.999137 -0.039965
-0.373 -0.673 14.318 161 154 144 -0.001003 0.999685 0.025067
-0.409 -0.673 14.326 159 150 143 -0.003109 -0.998124 -0.061152
-0.369 -0.673 14.327 149 145 136 0.001036 0.997999 0.063217
-0.436 -0.674 14.339 157 148 149 -0.009079 0.999690 0.023202
-0.360 -0.674 14.336 160 150 140 -0.009946 -0.991266 -0.131506
-0.351 -0.674 14.335 161 159 147 -0.009851 -0.992808 -0.119312
-0.371 -0.673 14.322 147 149 128 -0.007704 -0.991644 -0.128771
-0.369 -0.674 14.332 162 138 126 -0.007660 -0.992565 -0.121472
-0.427 -0.674 14.335 143 150 142 0.005213 -0.997827 -0.065688
-0.382 -0.673 14.326 160 158 145 0.007516 0.995395 0.095566
-0.360 -0.673 14.317 154 150 141 -0.007415 -0.996811 -0.079448
-0.431 -0.675 14.341 151 153 139 0.001047 -0.997389 -0.072214
-0.363 -0.674 14.335 157 148 143 -0.001036 0.997999 0.063217
-0.364 -0.673 14.322 147 146 142 -0.001055 0.996523 0.083307
-0.409 -0.674 14.331 154 149 146 0.005491 0.991695 0.128492
-0.442 -0.674 14.334 156 149 139 -0.007839 -0.988815 -0.148938
-0.378 -0.672 14.318 161 153 142 -0.003250 -0.993503 -0.113760
-0.395 -0.673 14.322 164 151 142 -0.007602 -0.993695 -0.111859
-0.445 -0.675 14.344 157 150 140 0.011586 -0.997440 -0.070569
-0.386 -0.672 14.322 152 153 139 -0.005285 -0.996669 -0.081382
-0.445 -0.674 14.335 160 156 144 0.001083 0.993261 0.115898
-0.391 -0.673 14.323 159 156 147 -0.005430 -0.993709 -0.111860
-0.364 -0.673 14.326 151 143 141 -0.007750 -0.990955 -0.133973
-0.355 -0.674 14.332 157 155 140 -0.007719 -0.991323 -0.131221
-0.439 -0.675 14.340 154 157 136 -0.001077 -0.994296 -0.106647
-0.418 -0.673 14.330 158 156 144 -0.003295 -0.991705 -0.128493
-0.431 -0.674 14.336 149 147 132 -0.005398 -0.994258 -0.106875
-0.396 -0.673 14.328 152 153 139 -0.003232 -0.994292 -0.106647
-0.355 -0.674 14.327 161 151 150 0.005439 0.993188 0.116398
-0.512 -0.674 14.332 158 151 145 -0.007386 -0.997162 -0.074919
-0.529 -0.674 14.334 156 154 142 -0.005409 -0.994233 -0.107105
-0.561 -0.674 14.334 148 136 122 -0.003257 -0.993475 -0.114005
-0.467 -0.675 14.339 148 149 135 -0.001007 -0.999513 -0.031203
-0.499 -0.674 14.335 156 149 143 0.003152 0.997208 0.074607
-0.499 -0.675 14.344 157 147 138 -0.005336 -0.995666 -0.092843
-0.569 -0.673 14.334 148 152 138 0.015102 0.999772 0.015102
-0.578 -0.673 14.326 154 149 146 0.013883 0.996338 0.084363
-0.560 -0.674 14.331 153 151 128 -0.013642 -0.997988 -0.061915
-0.485 -0.674 14.335 158 149 142 0.007500 0.995414 0.095363
-0.574 -0.673 14.329 148 156 133 -0.009854 -0.993065 -0.117153
-0.462 -0.674 14.335 158 153 134 -0.001071 -0.995026 -0.099610
-0.454 -0.675 14.331 166 163 155 0.003239 -0.994267 -0.106876
-0.485 -0.674 14.340 164 153 147 -0.001075 -0.994321 -0.106419
-0.507 -0.674 14.339 151 143 132 -0.009443 -0.997768 -0.066098
-0.520 -0.674 14.337 140 136 125 -0.001098 -0.991428 -0.130653
-0.533 -0.673 14.335 151 157 145 0.009368 0.998195 0.059330
-0.476 -0.674 14.332 161 157 148 -0.002973 0.999913 -0.012883
-0.525 -0.674 14.331 154 145 136 0.001100 -0.990809 -0.135260
-0.515 -0.674 14.340 147 149 136 -0.005576 -0.989254 -0.146102
-0.538 -0.674 14.339 155 144 140 -0.009851 -0.992808 -0.119312
-0.494 -0.675 14.345 152 150 135 -0.001098 -0.991428 -0.130653
-0.472 -0.675 14.335 161 154 145 0.003032 -0.999439 -0.033348
-0.543 -0.674 14.338 145 143 130 -0.005327 -0.996069 -0.088421
-0.466 -0.674 14.337 161 155 139 0.001061 0.995927 0.090153
-0.529 -0.673 14.330 169 155 152 0.001115 -0.988615 -0.150466
-0.511 -0.674 14.340 145 142 135 0.003276 0.992621 0.121211
-0.453 -0.674 14.336 157 157 149 -0.003288 -0.991741 -0.128214
-0.518 -0.675 14.341 149 144 138 -0.005493 -0.991973 -0.126331
-0.459 -0.675 14.344 158 157 146 -0.001069 -0.995256 -0.097281
-0.519 -0.675 14.341 156 153 144 -0.009647 -0.995794 -0.091111
-0.457 -0.674 14.337 153 155 142 -0.001067 -0.995480 -0.094960
-0.583 -0.673 14.326 159 152 142 0.017527 0.999038 0.040209
-0.553 -0.673 14.331 161 158 149 0.011588 0.997586 0.068472
-0.476 -0.675 14.341 161 146 151 -0.005063 -0.999429 -0.033416
-0.570 -0.673 14.326 158 146 146 -0.013829 -0.996717 -0.079780
-0.502 -0.675 14.345 147 143 140 -0.015162 -0.999660 -0.021226
-0.530 -0.675 14.343 149 145 136 0.009386 0.998061 0.061531
-0.526 -0.675 14.340 152 152 142 0.011745 0.996184 0.086485
-0.552 -0.673 14.335 149 147 132 0.011273 0.999217 0.037919
-0.507 -0.674 14.335 147 145 133 -0.003146 -0.997373 -0.072365
-0.522 -0.674 14.337 140 139 118 -0.005451 -0.993158 -0.116650
-0.489 -0.675 14.345 157 147 138 0.003201 0.995476 0.094960
-0.525 -0.674 14.335 156 146 144 -0.005153 -0.998711 -0.050502
-0.523 -0.673 14.331 156 149 143 -0.009331 -0.998446 -0.054951
-0.467 -0.675 14.341 147 147 136 -0.003002 0.999731 0.023017
-0.463 -0.674 14.331 153 156 137 -0.000995 0.999821 0.018902
-0.557 -0.673 14.334 146 145 141 0.011384 0.998649 0.050709
-0.476 -0.674 14.336 164 153 147 0.003103 0.998255 0.058964
-0.467 -0.676 14.345 147 152 140 -0.001024 -0.998840 -0.048149
-0.534 -0.674 14.344 158 159 145 0.007662 0.992827 0.119314
-0.565 -0.673 14.331 155 151 142 -0.019129 -0.999756 -0.011075
-0.521 -0.674 14.344 153 151 136 0.011542 0.997883 0.064007
-0.502 -0.675 14.336 156 153 144 -0.001069 -0.995256 -0.097281
-0.534 -0.674 14.340 146 146 138 -0.003281 -0.992052 -0.125784
-0.469 -0.674 14.332 163 157 147 0.001038 0.997858 0.065416
-0.466 -0.675 14.343 148 151 142 -0.003282 -0.992323 -0.123630
-0.515 -0.674 14.344 151 154 143 -0.007544 -0.994717 -0.102381
-0.529 -0.674 14.339 149 148 143 0.005347 0.995648 0.093041
-0.577 -0.673 14.331 158 152 140 -0.015588 -0.998685 -0.048843
-0.557 -0.673 14.330 158 148 146 -0.005420 -0.993974 -0.109478
-0.480 -0.674 14.345 154 155 141 0.001088 -0.992948 -0.118545
-0.552 -0.673 14.330 163 154 145 -0.013297 -0.999342 -0.033755
-0.480 -0.674 14.340 157 149 146 0.001079 0.994040 0.109010
-0.472 -0.676 14.344 153 153 139 -0.003232 -0.994292 -0.106647
-0.507 -0.675 14.344 148 151 144 -0.005482 -0.992280 -0.123898
-0.544 -0.674 14.330 158 151 135 -0.005441 -0.993437 -0.114251
-0.578 -0.674 14.331 159 155 146 -0.013694 -0.997559 -0.068470
-0.583 -0.673 14.331 162 150 150 0.011318 0.999046 0.042184
-0.472 -0.675 14.340 149 147 135 -0.000999 -0.999780 -0.020974
-0.511 -0.675 14.345 154 151 142 -0.005265 -0.997187 -0.074763
-0.547 -0.673 14.331 160 160 148 0.007414 0.996641 0.081553
-0.489 -0.675 14.341 160 154 140 0.003238 0.994035 0.109009
-0.539 -0.674 14.335 162 144 134 0.001092 -0.992361 -0.123363
-0.465 -0.675 14.340 161 149 150 0.003263 -0.992943 -0.118544
-0.511 -0.674 14.336 163 154 155 -0.011977 -0.994101 -0.107794
-0.462 -0.674 14.344 154 152 139 -0.001119 -0.987835 -0.155503
-0.499 -0.674 14.339 149 149 139 -0.005193 -0.998107 -0.061278
-0.466 -0.674 14.332 163 155 144 -0.001123 -0.987023 -0.160574
-0.462 -0.674 14.340 153 146 138 0.001022 0.998844 0.048051
-0.560 -0.673 14.327 165 158 140 -0.011563 -0.997596 -0.068328
-0.539 -0.674 14.330 172 153 149 -0.001075 -0.994546 -0.104293
-0.485 -0.675 14.344 150 142 129 0.003140 0.997384 0.072214
-0.502 -0.675 14.340 141 150 133 0.005043 0.999559 0.029250
-0.547 -0.673 14.335 151 149 137 -0.007257 -0.998347 -0.057019
-0.489 -0.675 14.337 153 150 143 -0.005033 -0.999618 -0.027180
-0.476 -0.675 14.344 163 152 150 -0.000997 0.999820 0.018940
-0.494 -0.675 14.340 159 149 139 -0.003146 -0.997373 -0.072365
-0.515 -0.674 14.335 150 144 146 0.007061 0.999657 0.025218
-0.453 -0.674 14.340 149 149 141 -0.001050 0.996891 0.078785
-0.533 -0.673 14.331 157 160 149 -0.003152 -0.997050 -0.076696
-0.565 -0.673 14.326 158 146 134 -0.017321 -0.999525 -0.025472
-0.550 -0.674 14.336 156 149 139 0.014924 0.999876 0.004975
-0.467 -0.675 14.336 163 157 138 0.004916 0.999987 -0.000983
-0.543 -0.674 14.334 158 148 139 0.021100 0.999753 -0.007033
-0.470 -0.674 14.335 164 149 152 -0.005245 -0.997514 -0.070277
-0.494 -0.674 14.336 158 148 136 0.011184 0.999441 0.031518
-0.492 -0.674 14.340 151 143 141 -0.003232 -0.994292 -0.106647
-0.526 -0.675 14.344 145 149 134 -0.013324 -0.999268 -0.035871
-0.458 -0.674 14.339 149 151 142 0.003146 -0.997220 -0.074451
-0.493 -0.674 14.335 158 148 138 -0.003244 -0.993773 -0.111380
-0.570 -0.673 14.330 150 151 145 -0.005429 -0.993465 -0.114004
-0.516 -0.675 14.345 149 151 140 0.005274 0.996852 0.079115
-0.538 -0.675 14.343 151 147 138 -0.007587 -0.993960 -0.109477
-0.463 -0.675 14.344 156 149 137 -0.003238 -0.994035 -0.109009
-0.520 -0.675 14.341 142 144 122 -0.009296 -0.998778 -0.048545
-0.458 -0.674 14.332 158 157 154 -0.003213 -0.995021 -0.099609
-0.480 -0.674 14.336 159 148 146 0.001055 0.996696 0.081212
-0.600 -0.672 14.330 146 138 135 -0.007575 -0.994447 -0.104963
-0.610 -0.672 14.334 151 152 147 -0.009591 -0.996404 -0.084188
-0.623 -0.673 14.335 154 157 138 -0.013748 -0.997239 -0.072969
-0.595 -0.673 14.331 159 153 141 0.013456 0.998824 0.046577
-0.607 -0.673 14.335 157 158 144 0.011563 0.997596 0.068328
-0.623 -0.672 14.331 146 148 135 -0.009683 -0.995149 -0.097901
-0.611 -0.673 14.339 159 155 146 -0.011097 -0.999714 -0.021185
-0.619 -0.673 14.335 149 150 142 0.007546 0.994934 0.100248
-0.614 -0.672 14.327 170 156 153 -0.003281 -0.992052 -0.125784
-0.596 -0.673 14.327 169 154 157 -0.013375 -0.999020 -0.042183
-0.609 -0.673 14.327 155 145 135 -0.009683 -0.995149 -0.097901
-0.608 -0.673 14.329 151 148 143 -0.007704 -0.991644 -0.128771
-0.614 -0.673 14.340 156 153 144 -0.014319 -0.992395 -0.122260
-0.604 -0.672 14.334 162 151 159 -0.013323 -0.999192 -0.037918
-0.600 -0.672 14.326 157 155 140 -0.007558 -0.994471 -0.104738
-0.610 -0.672 14.330 160 150 148 -0.007692 -0.992232 -0.124166
-0.592 -0.674 14.330 156 159 148 -0.005514 -0.991338 -0.131223
-0.618 -0.672 14.331 160 164 150 -0.005429 -0.993465 -0.114004
-0.613 -0.673 14.331 158 152 140 -0.007428 -0.996452 -0.083834
-0.604 -0.672 14.330 150 143 135 -0.007617 -0.993423 -0.114249
-0.613 -0.673 14.336 157 138 132 -0.007272 -0.998340 -0.057137
-0.587 -0.673 14.330 154 147 137 0.015102 0.999772 0.015102
-0.601 -0.673 14.335 152 148 149 0.013011 0.999855 0.011009
