-0.726 -0.676 15.372 120 117 86 -0.000979 0.999999 -0.000979
-0.607 -0.676 15.394 126 130 116 0.004916 0.999984 0.002950
-0.739 -0.676 15.371 128 122 110 0.005083 0.999279 -0.037613
-0.731 -0.675 15.376 148 143 114 0.002990 0.999816 -0.018940
-0.745 -0.676 15.371 113 111 98 0.011633 0.997266 -0.072971
-0.687 -0.676 15.388 114 115 101 0.005004 0.999767 -0.021016
-0.708 -0.676 15.380 137 129 118 -0.000995 0.999821 -0.018902
-0.745 -0.676 15.367 102 100 88 0.000979 0.999999 -0.000979
-0.694 -0.675 15.389 121 125 108 -0.000978 0.999999 -0.000978
-0.747 -0.675 15.369 131 124 108 0.007116 0.999341 -0.035582
-0.647 -0.675 15.395 107 86 91 0.004945 0.999964 -0.006924
-0.673 -0.676 15.391 119 118 97 0.002967 0.999936 -0.010880
-0.720 -0.676 15.373 147 139 126 0.002996 0.999815 -0.018978
-0.682 -0.676 15.382 167 157 147 0.009150 0.999395 -0.033550
-0.714 -0.676 15.376 143 139 128 0.009386 0.998061 -0.061531
-0.655 -0.676 15.388 147 137 128 0.007131 0.999339 -0.035654
-0.618 -0.676 15.402 152 149 132 0.002996 0.999776 -0.020974
-0.708 -0.676 15.384 147 139 128 0.003032 0.999439 -0.033348
-0.735 -0.675 15.368 87 83 74 0.003014 0.999627 -0.027126
-0.692 -0.676 15.384 139 141 128 -0.000985 0.999960 -0.008867
-0.674 -0.676 15.384 147 136 134 0.002961 0.999956 -0.008884
-0.548 -0.676 15.382 161 148 139 -0.002956 0.999972 -0.006896
-0.579 -0.675 15.384 106 97 80 0.000997 0.999820 -0.018940
-0.704 -0.676 15.377 154 139 134 0.000995 0.999856 -0.016913
-0.767 -0.676 15.373 126 125 105 0.005103 0.999195 -0.039804
-0.562 -0.675 15.388 129 119 118 0.001003 0.999685 -0.025067
-0.562 -0.675 15.384 131 124 116 0.001001 0.999735 -0.023017
-0.620 -0.676 15.394 145 141 132 0.002973 0.999936 -0.010901
-0.671 -0.676 15.395 148 145 136 0.002967 0.999936 -0.010880
-0.668 -0.676 15.393 141 133 112 0.002967 0.999936 -0.010880
-0.740 -0.677 15.365 128 123 120 -0.000987 0.999960 -0.008884
-0.646 -0.675 15.390 149 130 132 0.004936 0.999976 -0.004936
-0.725 -0.675 15.375 131 129 104 0.000995 0.999856 -0.016913
-0.687 -0.676 15.385 131 125 111 0.000991 0.999889 -0.014865
-0.699 -0.676 15.381 148 141 122 0.000983 0.999976 -0.006883
-0.663 -0.675 15.385 148 132 116 0.000979 0.999999 0.000979
-0.646 -0.675 15.394 108 82 91 0.004926 0.999976 -0.004926
-0.642 -0.676 15.391 140 143 112 0.002961 0.999972 -0.006910
-0.677 -0.675 15.390 103 110 92 0.000979 0.999995 -0.002938
-0.655 -0.676 15.397 143 136 126 0.004975 0.999876 -0.014924
-0.651 -0.677 15.398 135 130 126 0.002991 0.999852 -0.016947
-0.565 -0.676 15.382 138 135 120 0.002990 0.999816 -0.018940
-0.614 -0.676 15.390 152 150 138 0.000995 0.999821 -0.018902
-0.628 -0.675 15.395 134 130 105 0.004955 0.999928 -0.010901
-0.717 -0.676 15.371 157 146 140 0.003038 0.999437 -0.033416
-0.603 -0.676 15.396 146 137 130 0.002973 0.999913 -0.012883
-0.740 -0.677 15.368 84 84 72 0.007061 0.999657 -0.025218
-0.731 -0.675 15.372 125 117 81 0.005053 0.999558 -0.029310
-0.611 -0.676 15.397 136 138 127 0.002991 0.999852 -0.016947
-0.620 -0.676 15.390 165 151 148 0.001001 0.999735 -0.023017
-0.663 -0.675 15.394 142 134 121 0.002996 0.999776 -0.020974
-0.553 -0.676 15.381 155 157 144 0.000985 0.999976 -0.006896
-0.683 -0.675 15.386 118 108 98 0.009278 0.998880 -0.046388
-0.606 -0.676 15.399 147 140 134 0.002985 0.999884 -0.014924
-0.695 -0.676 15.382 154 151 136 0.009277 0.998783 -0.048445
-0.700 -0.675 15.381 142 134 113 0.007102 0.999414 -0.033483
-0.620 -0.676 15.398 138 138 126 0.000991 0.999917 -0.012883
-0.718 -0.676 15.375 144 137 127 0.003020 0.999569 -0.029192
-0.625 -0.676 15.398 144 139 119 0.000995 0.999856 -0.016913
-0.672 -0.675 15.386 94 90 78 0.002973 0.999913 -0.012883
-0.618 -0.676 15.397 139 137 124 0.002967 0.999956 -0.008902
-0.694 -0.675 15.385 126 125 95 0.007102 0.999414 -0.033483
-0.709 -0.676 15.376 148 140 129 0.003002 0.999731 -0.023017
-0.553 -0.676 15.389 133 135 114 -0.002979 0.999885 -0.014894
-0.616 -0.676 15.400 152 142 130 0.002961 0.999956 -0.008884
-0.747 -0.675 15.373 154 151 142 0.003020 0.999569 -0.029192
-0.614 -0.676 15.400 149 143 127 -0.000989 0.999917 -0.012857
-0.642 -0.675 15.394 108 109 75 0.005053 0.999496 -0.031329
-0.659 -0.676 15.395 151 137 134 0.007089 0.999482 -0.031392
-0.719 -0.676 15.380 140 137 130 0.011385 0.998751 -0.048644
-0.548 -0.676 15.386 150 140 131 0.000987 0.999941 -0.010858
-0.693 -0.677 15.378 161 156 150 0.009259 0.998978 -0.044239
-0.557 -0.676 15.382 152 148 147 0.000979 0.999995 -0.002938
-0.642 -0.675 15.398 115 119 86 0.006992 0.999831 -0.016980
-0.637 -0.676 15.396 118 115 84 0.005024 0.999720 -0.023109
-0.669 -0.675 15.388 105 91 78 0.003002 0.999775 -0.021016
-0.714 -0.676 15.380 135 132 117 0.005063 0.999494 -0.031392
-0.702 -0.675 15.386 131 125 101 0.001001 0.999735 -0.023017
-0.629 -0.676 15.402 149 141 118 -0.000995 0.999856 -0.016913
-0.650 -0.676 15.389 144 146 132 0.002985 0.999852 -0.016913
-0.750 -0.676 15.367 116 110 88 0.003002 0.999731 -0.023017
-0.683 -0.675 15.390 114 108 94 0.011229 0.999369 -0.033687
-0.755 -0.676 15.371 121 128 110 0.003008 0.999730 -0.023063
-0.565 -0.676 15.386 107 100 84 0.000983 0.999987 -0.004916
-0.708 -0.677 15.373 154 143 137 0.004994 0.999807 -0.018977
-0.601 -0.676 15.390 153 148 128 0.006978 0.999892 -0.012960
-0.672 -0.675 15.390 115 114 96 0.004994 0.999807 -0.018977
-0.570 -0.676 15.381 143 131 117 -0.000989 0.999940 -0.010880
-0.736 -0.675 15.376 149 153 139 0.007272 0.998340 -0.057137
-0.618 -0.676 15.392 151 142 135 0.000985 0.999976 -0.006896
-0.674 -0.676 15.392 132 130 109 0.005004 0.999807 -0.019015
-0.677 -0.675 15.386 114 120 106 0.005023 0.999672 -0.025117
-0.731 -0.676 15.368 126 117 84 0.003061 0.999032 -0.043880
-0.651 -0.676 15.393 122 115 107 0.004984 0.999844 -0.016947
-0.566 -0.676 15.380 146 142 130 0.002967 0.999956 -0.008902
-0.607 -0.676 15.390 134 136 123 0.002973 0.999936 -0.010901
-0.704 -0.676 15.385 128 119 112 0.005043 0.999616 -0.027235
-0.660 -0.676 15.397 147 140 134 0.006951 0.999916 -0.010923
-0.705 -0.676 15.381 130 117 108 0.000983 0.999976 -0.006883
-0.611 -0.676 15.402 151 153 142 -0.004936 0.999964 -0.006910
-0.545 -0.676 15.385 148 137 131 -0.003008 0.999681 -0.025067
-0.570 -0.675 15.384 116 113 98 -0.005063 0.999494 -0.031392
-0.759 -0.677 15.371 148 141 135 0.005083 0.999279 -0.037613
-0.736 -0.675 15.372 124 131 113 0.003110 0.998248 -0.059086
-0.745 -0.676 15.375 148 144 133 0.005103 0.999111 -0.041842
-0.575 -0.675 15.386 117 107 82 -0.002944 0.999995 -0.000981
-0.638 -0.676 15.393 138 130 109 0.003014 0.999680 -0.025118
-0.713 -0.676 15.372 154 151 142 0.007159 0.999179 -0.039885
-0.727 -0.677 15.367 140 136 124 0.005053 0.999558 -0.029310
-0.632 -0.676 15.398 122 108 108 0.008990 0.999847 -0.014983
-0.722 -0.676 15.374 139 130 115 0.007102 0.999414 -0.033483
-0.659 -0.676 15.391 131 117 117 0.015496 0.998982 -0.042356
-0.558 -0.675 15.386 142 133 134 0.000995 0.999856 -0.016913
-0.664 -0.675 15.389 110 97 80 0.000991 0.999917 -0.012883
-0.614 -0.676 15.394 132 126 112 0.000997 0.999820 -0.018940
-0.611 -0.675 15.392 132 127 121 0.004975 0.999904 -0.012934
-0.751 -0.676 15.371 141 135 119 0.001001 0.999735 -0.023017
-0.646 -0.675 15.397 121 96 99 0.003008 0.999730 -0.023063
-0.668 -0.676 15.385 140 124 109 0.002991 0.999852 -0.016947
-0.562 -0.675 15.380 145 143 130 0.000985 0.999960 -0.008867
-0.567 -0.676 15.383 136 126 117 0.000995 0.999821 -0.018902
-0.646 -0.675 15.399 122 102 104 0.005053 0.999558 -0.029310
-0.721 -0.676 15.377 142 133 118 -0.000995 0.999821 -0.018902
-0.553 -0.676 15.384 147 151 134 -0.000981 0.999987 -0.004907
-0.628 -0.676 15.400 145 136 119 0.000987 0.999941 -0.010858
-0.584 -0.676 15.385 126 110 110 0.000983 0.999987 -0.004916
-0.740 -0.676 15.375 150 141 134 0.001001 0.999686 -0.025017
-0.742 -0.677 15.363 159 138 143 -0.000979 0.999999 0.000979
-0.691 -0.676 15.380 154 156 142 -0.000981 0.999995 -0.002944
-0.633 -0.676 15.393 123 113 112 0.000979 0.999999 0.000979
-0.656 -0.676 15.393 107 97 88 0.002938 0.999995 -0.000979
-0.696 -0.676 15.380 166 158 156 0.003008 0.999730 -0.023063
-0.726 -0.675 15.377 134 138 111 0.002996 0.999776 -0.020974
-0.700 -0.675 15.384 132 125 106 0.003002 0.999775 -0.021016
-0.686 -0.676 15.381 161 156 150 0.005073 0.999426 -0.033483
-0.754 -0.676 15.367 116 106 104 0.003038 0.999367 -0.035439
-0.723 -0.676 15.372 129 121 102 -0.000993 0.999857 -0.016879
-0.597 -0.677 15.389 154 160 150 -0.000989 0.999917 -0.012857
-0.589 -0.676 15.385 146 146 136 0.000995 0.999821 -0.018902
-0.598 -0.677 15.385 158 161 144 -0.004975 0.999876 -0.014924
-0.588 -0.676 15.384 145 146 138 0.000989 0.999940 -0.010880
-0.606 -0.676 15.386 160 161 147 -0.000993 0.999857 -0.016879
-0.576 -0.676 15.380 126 120 108 -0.002961 0.999972 -0.006910
-0.579 -0.676 15.381 124 107 91 -0.000993 0.999857 -0.016879
-0.611 -0.676 15.385 162 154 152 0.004965 0.999928 -0.010923
-0.615 -0.677 15.387 161 162 156 -0.001001 0.999735 -0.023017
-0.592 -0.676 15.386 157 145 147 -0.000993 0.999889 -0.014894
-0.583 -0.676 15.381 161 153 150 0.000983 0.999976 -0.006883
-0.598 -0.677 15.381 157 156 136 -0.002938 0.999995 -0.000979
-0.617 -0.676 15.388 162 157 151 0.004907 0.999987 -0.000981
-0.590 -0.677 15.381 148 150 136 0.002956 0.999972 -0.006896
-0.611 -0.676 15.388 158 148 146 0.002944 0.999995 -0.000981
-0.603 -0.677 15.384 155 165 138 0.000985 0.999960 -0.008867
-0.619 -0.677 15.404 149 150 136 0.003002 0.999731 -0.023017
-0.613 -0.677 15.404 159 154 148 -0.000997 0.999780 -0.020933
-0.772 -0.675 15.376 126 126 114 0.000999 0.999780 -0.020974
-0.758 -0.675 15.376 152 142 133 0.001005 0.999632 -0.027126
-0.774 -0.676 15.375 158 159 141 0.001001 0.999686 -0.025017
-0.766 -0.676 15.376 122 119 104 -0.000985 0.999976 -0.006896
-0.776 -0.676 15.376 147 146 126 0.003032 0.999505 -0.031329
