-0.694 -0.670 14.067 141 144 127 0.003008 0.999681 -0.025067
-0.750 -0.671 14.050 113 104 89 -0.000991 0.999917 -0.012883
-0.715 -0.671 14.067 122 123 117 0.002990 0.999816 -0.018940
-0.720 -0.670 14.062 122 110 94 -0.003002 0.999731 -0.023017
-0.703 -0.671 14.071 141 142 128 0.000999 0.999780 -0.020974
-0.667 -0.670 14.071 151 142 133 -0.011119 0.999668 -0.023248
-0.739 -0.671 14.054 138 129 124 -0.007020 0.999794 -0.019053
-0.680 -0.670 14.062 156 151 145 0.003044 0.999291 -0.037537
-0.671 -0.670 14.071 153 144 135 -0.002973 0.999913 -0.012883
-0.707 -0.670 14.070 103 110 94 -0.002973 0.999936 -0.010901
-0.729 -0.670 14.066 139 144 122 -0.007047 0.999658 -0.025168
-0.720 -0.671 14.058 121 124 107 -0.007006 0.999831 -0.017014
-0.715 -0.671 14.063 133 136 117 0.000989 0.999917 -0.012857
-0.685 -0.670 14.062 153 149 138 -0.004936 0.999964 -0.006910
-0.724 -0.670 14.070 149 148 130 -0.002985 0.999852 -0.016913
-0.675 -0.670 14.066 124 130 118 -0.000979 0.999995 -0.002938
-0.724 -0.670 14.062 129 122 103 -0.004965 0.999928 -0.010923
-0.698 -0.670 14.063 131 124 116 -0.002956 0.999972 -0.006896
-0.703 -0.670 14.067 121 122 108 -0.002979 0.999885 -0.014894
-0.715 -0.670 14.070 153 152 147 -0.002973 0.999936 -0.010901
-0.720 -0.671 14.067 125 122 113 -0.009025 0.999778 -0.019053
-0.694 -0.670 14.062 132 129 124 -0.002961 0.999972 -0.006910
-0.725 -0.670 14.067 153 149 140 -0.008990 0.999847 -0.014983
-0.662 -0.670 14.071 148 140 138 -0.000997 0.999820 -0.018940
-0.711 -0.670 14.062 135 130 124 -0.007006 0.999795 -0.019015
-0.680 -0.670 14.066 153 144 135 -0.000989 0.999917 -0.012857
-0.728 -0.671 14.053 116 100 101 -0.013114 0.999690 -0.021184
-0.676 -0.670 14.062 154 147 137 0.001003 0.999633 -0.027071
-0.700 -0.670 14.063 135 144 123 0.005053 0.999496 -0.031329
-0.689 -0.670 14.062 137 133 130 -0.004945 0.999964 -0.006924
-0.721 -0.671 14.057 112 113 97 -0.009043 0.999777 -0.019091
-0.743 -0.672 14.052 136 127 128 -0.000987 0.999960 -0.008884
-0.725 -0.671 14.056 142 132 130 -0.004984 0.999844 -0.016947
-0.720 -0.670 14.070 159 157 144 0.007144 0.999182 -0.039804
-0.743 -0.673 14.049 120 122 109 -0.003020 0.999626 -0.027180
-0.729 -0.670 14.063 140 128 114 0.000993 0.999889 -0.014894
-0.707 -0.670 14.067 130 131 117 -0.002985 0.999852 -0.016913
-0.747 -0.672 14.052 113 84 68 -0.002961 0.999956 -0.008884
-0.726 -0.670 14.063 121 121 109 -0.004955 0.999928 -0.010901
-0.739 -0.670 14.058 141 147 135 -0.003008 0.999730 -0.023063
-0.734 -0.671 14.066 139 147 132 -0.002967 0.999956 -0.008902
-0.742 -0.671 14.054 153 144 139 -0.002985 0.999884 -0.014924
-0.711 -0.670 14.067 120 120 112 -0.005004 0.999807 -0.019015
-0.658 -0.670 14.075 128 132 118 -0.002979 0.999885 -0.014894
-0.747 -0.671 14.054 130 126 115 -0.010944 0.999900 -0.008954
-0.662 -0.670 14.075 156 147 142 -0.002985 0.999852 -0.016913
-0.727 -0.670 14.058 139 127 129 -0.007019 0.999754 -0.021058
-0.734 -0.671 14.063 124 128 103 -0.004955 0.999928 -0.010901
-0.727 -0.671 14.067 150 141 142 -0.006992 0.999831 -0.016980
-0.711 -0.670 14.075 152 149 144 -0.001012 0.999298 -0.037461
-0.743 -0.670 14.058 164 148 149 -0.002990 0.999816 -0.018940
-0.698 -0.671 14.067 124 120 117 -0.000999 0.999736 -0.022971
-0.677 -0.670 14.065 140 136 127 -0.000985 0.999960 -0.008867
-0.671 -0.670 14.066 121 130 113 -0.006937 0.999936 -0.008919
-0.729 -0.669 14.057 127 128 122 -0.010923 0.999916 -0.006951
-0.734 -0.671 14.053 131 127 116 -0.003038 0.999367 -0.035439
-0.700 -0.670 14.066 102 104 83 -0.006951 0.999936 -0.008937
-0.654 -0.670 14.075 149 147 132 -0.004945 0.999948 -0.008902
-0.747 -0.673 14.048 123 120 89 -0.007006 0.999831 -0.017014
-0.725 -0.670 14.058 141 128 120 -0.003020 0.999569 -0.029192
-0.733 -0.670 14.058 141 143 132 -0.000995 0.999856 -0.016913
-0.712 -0.670 14.071 140 141 127 -0.002996 0.999776 -0.020974
-0.653 -0.670 14.080 138 134 133 -0.001005 0.999575 -0.029133
-0.636 -0.670 14.093 157 154 149 0.000999 0.999736 -0.022971
-0.648 -0.670 14.079 136 146 135 -0.002985 0.999852 -0.016913
-0.648 -0.670 14.085 139 134 128 -0.003020 0.999626 -0.027180
-0.653 -0.670 14.085 141 147 133 0.005083 0.999279 -0.037613
-0.640 -0.669 14.088 130 130 122 -0.003014 0.999627 -0.027126
-0.644 -0.671 14.088 139 137 124 0.003008 0.999730 -0.023063
-0.648 -0.670 14.088 143 135 132 0.000995 0.999821 -0.018902
-0.640 -0.670 14.085 146 139 133 -0.000995 0.999821 -0.018902
-0.635 -0.670 14.088 145 142 135 0.000997 0.999780 -0.020933
-0.631 -0.670 14.093 144 140 129 0.001011 0.999443 -0.033348
-0.648 -0.670 14.085 138 135 126 0.003008 0.999730 -0.023063
-0.650 -0.670 14.080 129 129 119 -0.003008 0.999730 -0.023063
-0.658 -0.670 14.080 155 144 140 0.000995 0.999821 -0.018902
-0.644 -0.670 14.085 142 140 128 0.001015 0.999295 -0.037537
-0.648 -0.670 14.090 154 139 142 -0.000983 0.999976 -0.006883
-0.640 -0.670 14.093 156 148 146 -0.002973 0.999936 -0.010901
-0.729 -0.670 14.071 156 153 146 -0.000991 0.999917 -0.012883
-0.725 -0.670 14.073 155 152 135 -0.005034 0.999671 -0.025168
-0.737 -0.671 14.049 157 149 146 -0.004965 0.999928 -0.010923
-0.725 -0.672 14.053 120 120 108 -0.002950 0.999991 -0.002950
-0.729 -0.672 14.049 130 126 117 -0.005034 0.999671 -0.025168
-0.626 -0.669 14.089 153 147 147 0.001007 0.999513 -0.031203
-0.721 -0.672 14.053 135 135 109 -0.005063 0.999429 -0.033416
-0.740 -0.673 14.048 157 157 147 0.001001 0.999686 -0.025017
-0.718 -0.671 14.055 131 139 124 -0.000997 0.999820 -0.018940
-0.734 -0.671 14.049 133 135 124 -0.002996 0.999776 -0.020974
