-0.686 -0.678 15.747 133 130 115 -0.577350 -0.577350 -0.577350
-0.673 -0.677 15.781 147 147 139 -0.577350 -0.577350 -0.577350
-0.673 -0.677 15.786 137 140 133 -0.577350 -0.577350 -0.577350
-0.674 -0.677 15.771 137 133 122 -0.577350 -0.577350 -0.577350
-0.681 -0.676 15.764 142 127 120 -0.577350 -0.577350 -0.577350
-0.674 -0.678 15.762 132 132 122 -0.577350 -0.577350 -0.577350
-0.692 -0.679 15.727 133 133 123 -0.577350 -0.577350 -0.577350
-0.674 -0.677 15.776 143 139 130 -0.577350 -0.577350 -0.577350
-0.686 -0.678 15.737 140 134 118 -0.577350 -0.577350 -0.577350
-0.669 -0.677 15.794 139 138 120 -0.577350 -0.577350 -0.577350
-0.664 -0.678 15.796 132 127 107 -0.577350 -0.577350 -0.577350
-0.678 -0.678 15.755 130 117 108 -0.577350 -0.577350 -0.577350
-0.683 -0.678 15.745 138 132 100 -0.577350 -0.577350 -0.577350
-0.686 -0.677 15.759 137 129 127 -0.577350 -0.577350 -0.577350
-0.686 -0.677 15.754 144 139 133 -0.577350 -0.577350 -0.577350
-0.683 -0.677 15.753 133 126 108 -0.577350 -0.577350 -0.577350
-0.686 -0.676 15.763 141 134 124 -0.577350 -0.577350 -0.577350
-0.701 -0.678 15.719 141 139 127 -0.577350 -0.577350 -0.577350
-0.678 -0.676 15.772 140 130 120 -0.577350 -0.577350 -0.577350
-0.686 -0.678 15.741 143 137 121 -0.577350 -0.577350 -0.577350
-0.668 -0.678 15.778 123 121 109 -0.577350 -0.577350 -0.577350
-0.695 -0.678 15.729 152 145 135 -0.577350 -0.577350 -0.577350
-0.695 -0.678 15.724 144 141 126 -0.577350 -0.577350 -0.577350
-0.706 -0.680 15.710 153 152 147 -0.577350 -0.577350 -0.577350
-0.674 -0.677 15.766 145 145 135 -0.577350 -0.577350 -0.577350
-0.682 -0.678 15.740 144 135 118 -0.577350 -0.577350 -0.577350
-0.703 -0.679 15.717 155 147 136 -0.577350 -0.577350 -0.577350
-0.678 -0.677 15.763 140 137 122 -0.577350 -0.577350 -0.577350
-0.669 -0.678 15.789 138 134 122 -0.577350 -0.577350 -0.577350
-0.678 -0.677 15.759 138 130 117 -0.577350 -0.577350 -0.577350
-0.668 -0.677 15.803 140 136 124 -0.577350 -0.577350 -0.577350
-0.669 -0.677 15.799 135 136 120 -0.577350 -0.577350 -0.577350
-0.664 -0.679 15.792 137 134 117 -0.577350 -0.577350 -0.577350
-0.678 -0.676 15.768 137 129 118 -0.577350 -0.577350 -0.577350
-0.675 -0.678 15.788 143 147 132 -0.577350 -0.577350 -0.577350
-0.679 -0.679 15.749 152 143 136 -0.577350 -0.577350 -0.577350
-0.671 -0.676 15.778 136 132 121 -0.577350 -0.577350 -0.577350
-0.664 -0.678 15.801 142 136 120 -0.577350 -0.577350 -0.577350
-0.665 -0.678 15.788 137 135 123 -0.577350 -0.577350 -0.577350
-0.683 -0.678 15.749 120 114 88 -0.577350 -0.577350 -0.577350
-0.692 -0.678 15.732 147 143 132 -0.577350 -0.577350 -0.577350
-0.683 -0.675 15.770 141 128 119 -0.577350 -0.577350 -0.577350
-0.678 -0.676 15.777 139 133 119 -0.577350 -0.577350 -0.577350
-0.660 -0.678 15.799 142 138 137 -0.577350 -0.577350 -0.577350
-0.682 -0.678 15.749 123 116 87 -0.577350 -0.577350 -0.577350
-0.683 -0.677 15.757 142 133 126 -0.577350 -0.577350 -0.577350
-0.683 -0.676 15.766 139 124 117 -0.577350 -0.577350 -0.577350
-0.669 -0.678 15.784 128 124 113 -0.577350 -0.577350 -0.577350
-0.709 -0.679 15.707 161 154 148 -0.577350 -0.577350 -0.577350
