-1.182 -0.679 15.771 167 164 155 -0.001024 0.998840 -0.048149
-1.203 -0.679 15.772 166 163 146 -0.005597 0.988498 -0.151129
-1.187 -0.680 15.763 166 161 155 -0.009833 0.993095 -0.116899
-1.212 -0.681 15.763 166 163 148 -0.005430 0.993709 -0.111860
-1.221 -0.679 15.760 149 155 141 -0.003226 0.994762 -0.102165
-1.187 -0.679 15.771 162 158 149 -0.012043 0.993041 -0.117150
-1.172 -0.679 15.772 150 146 134 -0.005564 0.989301 -0.145780
-1.144 -0.680 15.758 164 162 150 -0.010135 0.987621 -0.156533
-1.129 -0.681 15.758 157 153 144 -0.001135 0.984392 -0.175987
-1.178 -0.681 15.762 170 163 155 -0.010101 0.988746 -0.149266
-1.183 -0.680 15.767 170 166 155 -0.003325 0.989721 -0.142972
-1.179 -0.679 15.767 162 155 145 -0.009816 0.993621 -0.112341
-1.122 -0.680 15.754 173 160 152 -0.003256 0.993227 -0.116148
-1.225 -0.680 15.760 147 145 132 0.003097 0.998382 -0.056785
-1.190 -0.681 15.763 169 159 147 -0.001043 0.997701 -0.067764
-1.144 -0.680 15.763 156 153 144 -0.001045 0.997548 -0.069985
-1.217 -0.680 15.755 167 160 154 -0.003134 0.997687 -0.067905
-1.168 -0.679 15.772 163 154 147 0.003238 0.994035 -0.109009
-1.200 -0.681 15.763 166 167 159 -0.003220 0.995000 -0.099822
-1.195 -0.679 15.772 162 159 154 -0.003301 0.991385 -0.130938
-1.163 -0.680 15.763 168 154 151 -0.007719 0.991323 -0.131221
-1.133 -0.680 15.758 152 147 143 -0.001110 0.989363 -0.145462
-1.200 -0.681 15.758 165 162 155 -0.005491 0.991695 -0.128492
-1.205 -0.679 15.771 155 149 133 -0.001121 0.987433 -0.158034
-1.187 -0.680 15.759 169 162 156 0.001067 0.995277 -0.097074
-1.137 -0.679 15.763 150 139 133 -0.005554 0.989666 -0.143285
-1.125 -0.680 15.749 166 163 158 -0.009517 0.997132 -0.075076
-1.155 -0.680 15.763 166 161 157 -0.007315 0.997940 -0.063743
-1.219 -0.681 15.758 161 165 150 -0.005347 0.995648 -0.093041
-1.209 -0.679 15.771 161 149 137 -0.012252 0.990185 -0.139227
-1.151 -0.681 15.762 165 166 152 -0.005377 0.994753 -0.102164
-1.205 -0.680 15.764 163 163 137 -0.003288 0.991741 -0.128214
-1.200 -0.680 15.771 169 166 151 -0.005418 0.993736 -0.111619
-1.164 -0.679 15.771 153 147 135 -0.009664 0.995376 -0.095565
-1.190 -0.681 15.759 181 166 159 -0.007531 0.995167 -0.097903
-1.150 -0.679 15.768 138 133 127 -0.009892 0.992481 -0.121999
-1.159 -0.681 15.763 170 165 161 -0.005512 0.991048 -0.133389
-1.227 -0.680 15.755 152 156 141 -0.011699 0.996572 -0.081895
-1.172 -0.679 15.769 147 145 133 -0.005123 0.998923 -0.046104
-1.180 -0.679 15.771 159 157 142 -0.005265 0.997187 -0.074763
-1.134 -0.679 15.762 145 133 137 -0.007531 0.995167 -0.097903
-1.199 -0.679 15.773 167 160 152 -0.011588 0.997586 -0.068472
-1.195 -0.680 15.768 164 160 159 -0.005367 0.994991 -0.099821
-1.156 -0.680 15.767 154 144 143 0.003109 0.998124 -0.061152
-1.141 -0.681 15.760 158 153 147 -0.005439 0.993188 -0.116398
-1.169 -0.680 15.764 156 148 146 -0.007721 0.991608 -0.129052
-1.227 -0.679 15.758 156 148 135 -0.005543 0.990023 -0.140798
-1.205 -0.681 15.759 170 168 145 -0.001094 0.992057 -0.125785
-1.138 -0.680 15.759 169 159 147 -0.007646 0.992858 -0.119056
-1.125 -0.680 15.754 157 156 151 -0.003320 0.990382 -0.138321
-1.133 -0.680 15.753 161 159 147 -0.005491 0.991695 -0.128492
-1.151 -0.680 15.766 142 139 134 -0.009927 0.991588 -0.129050
-1.208 -0.681 15.759 168 162 148 -0.003201 0.995476 -0.094960
-1.191 -0.679 15.772 155 154 136 -0.001075 0.994321 -0.106419
-1.137 -0.680 15.754 156 153 136 -0.007487 0.995830 -0.090919
-1.219 -0.680 15.762 158 160 146 -0.001077 0.994296 -0.106647
-1.160 -0.680 15.767 152 145 137 -0.020618 0.995112 -0.096581
-1.146 -0.679 15.768 149 146 139 -0.010082 0.989123 -0.146744
-1.169 -0.680 15.768 157 146 144 -0.009424 0.997913 -0.063875
-1.141 -0.680 15.763 160 150 148 -0.007531 0.995167 -0.097903
-1.176 -0.679 15.773 163 160 145 0.001081 0.993777 -0.111381
-1.200 -0.681 15.767 166 166 156 -0.001077 0.994296 -0.106647
-1.175 -0.680 15.766 158 154 145 -0.005441 0.993437 -0.114251
-1.160 -0.680 15.772 159 152 142 -0.007587 0.993960 -0.109477
-1.213 -0.680 15.768 166 158 145 -0.005472 0.992580 -0.121473
-1.118 -0.680 15.754 158 155 146 -0.005618 0.987711 -0.156191
-1.119 -0.680 15.751 162 159 150 -0.007883 0.987641 -0.156536
-1.194 -0.681 15.759 172 165 149 -0.003320 0.990382 -0.138321
-1.175 -0.680 15.763 164 157 147 -0.003364 0.987776 -0.155847
-1.148 -0.680 15.767 139 132 124 -0.007677 0.992533 -0.121736
-1.213 -0.681 15.760 170 166 154 -0.005650 0.986470 -0.163847
-1.186 -0.680 15.767 162 157 151 -0.003177 0.996489 -0.083659
-1.196 -0.681 15.758 170 173 152 -0.001065 0.995698 -0.092648
-1.147 -0.681 15.758 167 169 147 -0.003239 0.994267 -0.106876
-1.191 -0.679 15.768 162 156 142 0.001085 0.993231 -0.116148
-1.194 -0.680 15.764 174 165 156 0.001083 0.993508 -0.113760
-1.129 -0.681 15.754 165 162 153 -0.005493 0.991973 -0.126331
-1.156 -0.679 15.770 153 144 139 0.001110 0.989041 -0.147635
-1.204 -0.680 15.767 160 160 136 0.003232 0.994292 -0.106647
-1.208 -0.681 15.763 174 167 157 0.001085 0.992979 -0.118289
-1.209 -0.680 15.768 167 157 148 0.003245 0.994010 -0.109244
-1.164 -0.680 15.768 152 139 133 -0.003244 0.993773 -0.111380
-1.183 -0.680 15.763 172 167 163 -0.001075 0.994321 -0.106419
-1.197 -0.680 15.767 159 162 155 -0.001065 0.995500 -0.094759
-1.196 -0.681 15.762 162 165 148 -0.003250 0.993503 -0.113760
-1.147 -0.681 15.762 163 161 146 -0.009854 0.993065 -0.117153
