-2.014 -0.669 15.366 136 128 107 0.005043 0.999616 -0.027235
-2.010 -0.671 15.371 167 148 144 0.005053 0.999496 -0.031329
-2.025 -0.668 15.348 118 120 99 0.035070 0.997914 -0.054200
-2.021 -0.667 15.362 162 158 149 0.019630 0.999076 -0.038227
-2.017 -0.668 15.364 127 117 108 0.019746 0.998711 -0.046766
-2.018 -0.668 15.359 140 136 125 0.024143 0.998274 -0.053535
-2.020 -0.668 15.348 93 81 65 0.053582 0.996184 -0.068891
-2.026 -0.669 15.345 131 129 114 0.007159 0.999179 -0.039885
-2.019 -0.667 15.353 107 98 93 0.007117 0.999412 -0.033551
-2.011 -0.670 15.363 139 129 102 0.037197 0.997950 -0.052076
-2.022 -0.668 15.353 135 122 106 0.003014 0.999627 -0.027126
-2.012 -0.670 15.371 147 137 127 0.017423 0.999276 -0.033822
-2.019 -0.667 15.363 146 139 120 0.009205 0.999241 -0.037842
-2.022 -0.668 15.356 145 136 131 0.015496 0.998982 -0.042356
-2.023 -0.669 15.348 112 109 92 0.028402 0.998267 -0.051544
-2.014 -0.667 15.361 122 110 96 0.022045 0.998322 -0.053538
-2.023 -0.669 15.345 113 114 100 0.009314 0.998670 -0.050710
-2.066 -0.671 15.290 164 153 157 0.033009 0.997738 -0.058565
-2.021 -0.669 15.340 143 134 129 0.046724 0.996408 -0.070629
-2.121 -0.671 15.265 162 156 156 0.024529 0.997142 -0.071453
-2.120 -0.673 15.256 186 175 173 0.026611 0.997394 -0.067061
-2.054 -0.670 15.321 138 135 126 0.039399 0.997747 -0.054306
-2.041 -0.669 15.334 146 132 123 0.049104 0.996272 -0.070928
-2.095 -0.671 15.273 152 155 134 0.013454 0.998726 -0.048643
-2.082 -0.671 15.274 160 148 134 0.015648 0.998348 -0.055290
-2.100 -0.671 15.270 163 161 148 0.013481 0.998617 -0.050812
-2.063 -0.671 15.291 151 143 141 0.015403 0.999159 -0.037995
-2.045 -0.670 15.326 167 159 148 0.030571 0.998304 -0.049546
-2.014 -0.669 15.349 92 75 85 0.035137 0.997665 -0.058561
-2.053 -0.671 15.313 157 153 150 0.049005 0.996439 -0.068607
-2.108 -0.671 15.265 173 170 165 0.017738 0.998535 -0.051127
-2.068 -0.670 15.292 173 158 165 0.061135 0.994826 -0.081142
-2.058 -0.670 15.310 166 156 144 0.056216 0.995347 -0.078261
-2.036 -0.669 15.339 147 140 130 0.063489 0.994665 -0.081311
-2.031 -0.671 15.332 177 172 166 0.044102 0.997144 -0.061313
-2.084 -0.671 15.273 169 153 140 0.024002 0.998704 -0.044874
-2.147 -0.672 15.256 170 171 155 0.009332 0.998557 -0.052883
-2.040 -0.670 15.328 152 143 136 0.028461 0.998259 -0.051652
-2.058 -0.671 15.305 164 155 146 0.009205 0.999241 -0.037842
-2.023 -0.669 15.342 131 127 116 0.011339 0.998859 -0.046387
-2.082 -0.671 15.280 162 149 140 0.003056 0.999206 -0.039724
-2.062 -0.670 15.305 160 149 143 0.007089 0.999482 -0.031392
-2.050 -0.670 15.321 168 159 154 0.019747 0.998806 -0.044692
-2.113 -0.671 15.269 157 157 145 0.015435 0.999156 -0.038073
-2.063 -0.671 15.288 159 151 149 0.013271 0.999411 -0.031646
-2.090 -0.671 15.275 165 156 151 0.003026 0.999568 -0.029251
-2.111 -0.671 15.265 161 167 155 0.019591 0.999156 -0.036089
-2.071 -0.671 15.282 146 139 131 0.019630 0.999076 -0.038227
-2.044 -0.669 15.328 155 153 141 0.024194 0.998267 -0.053648
-2.029 -0.671 15.332 164 161 152 0.030755 0.997945 -0.056207
-2.068 -0.670 15.295 175 158 164 0.015435 0.999156 -0.038073
-2.019 -0.669 15.342 160 148 150 0.011384 0.998649 -0.050709
-2.049 -0.670 15.335 141 139 127 0.021914 0.998656 -0.046959
-2.051 -0.669 15.331 139 137 122 0.009151 0.999461 -0.031519
-2.103 -0.671 15.266 155 155 147 0.007061 0.999604 -0.027234
-2.137 -0.672 15.260 161 163 150 0.001016 0.999131 -0.041673
-2.054 -0.670 15.319 134 136 125 0.021871 0.998757 -0.044783
-2.032 -0.669 15.335 155 154 149 0.015495 0.998893 -0.044418
-2.153 -0.672 15.253 167 169 158 0.013481 0.998617 -0.050812
-2.064 -0.671 15.297 159 149 148 0.028291 0.998584 -0.045057
-2.130 -0.672 15.256 169 163 165 0.009296 0.998778 -0.048545
-2.044 -0.669 15.330 153 153 141 0.013376 0.999105 -0.040129
-2.037 -0.670 15.331 160 152 139 0.009222 0.999075 -0.042012
-2.067 -0.671 15.279 165 157 144 0.003008 0.999730 -0.023063
-2.026 -0.669 15.339 162 157 151 0.009205 0.999241 -0.037842
-2.026 -0.669 15.337 158 155 150 0.021827 0.998853 -0.042615
-2.048 -0.669 15.329 149 147 132 0.032615 0.998444 -0.045240
-2.067 -0.670 15.304 159 155 152 0.021741 0.999030 -0.038305
-2.102 -0.671 15.275 154 157 140 0.015588 0.998685 -0.048843
-2.019 -0.671 15.341 156 146 144 0.039716 0.997202 -0.063331
-2.112 -0.672 15.261 180 176 167 0.005073 0.999426 -0.033483
-2.023 -0.670 15.335 160 156 144 0.024194 0.998267 -0.053648
-2.124 -0.672 15.260 164 153 147 0.009223 0.999159 -0.039966
-2.118 -0.673 15.257 189 179 178 -0.000993 0.999857 -0.016879
-2.064 -0.671 15.282 160 159 154 0.015435 0.999156 -0.038073
-2.043 -0.671 15.327 166 159 151 0.039882 0.997039 -0.065751
-2.062 -0.670 15.314 165 152 144 0.051705 0.995603 -0.078108
-2.108 -0.671 15.271 165 154 152 0.017911 0.997772 -0.064270
-2.117 -0.672 15.262 180 168 170 0.026823 0.996733 -0.076177
-2.063 -0.671 15.300 169 158 156 0.030694 0.998070 -0.053978
-2.126 -0.672 15.264 163 154 145 0.015496 0.998982 -0.042356
-2.076 -0.670 15.284 135 131 122 0.019629 0.998995 -0.040290
-2.062 -0.671 15.296 167 153 153 0.046542 0.996873 -0.063860
-2.062 -0.670 15.308 157 150 142 0.037648 0.997135 -0.065615
-2.059 -0.670 15.318 153 144 129 0.058789 0.994981 -0.080974
-2.041 -0.669 15.331 146 137 128 0.044465 0.996672 -0.068325
-2.089 -0.671 15.278 168 157 151 0.007117 0.999412 -0.033551
-2.068 -0.670 15.286 165 156 151 0.030629 0.998078 -0.053865
-2.115 -0.670 15.269 166 159 149 0.017843 0.998173 -0.057728
-2.054 -0.671 15.310 163 156 150 0.035494 0.997070 -0.067762
-2.090 -0.672 15.270 169 163 149 0.019981 0.998002 -0.059943
-2.111 -0.671 15.263 172 174 161 0.015496 0.998982 -0.042356
-2.138 -0.672 15.257 169 170 162 0.015464 0.998987 -0.042269
-2.037 -0.670 15.336 156 145 143 0.019747 0.998806 -0.044692
-2.083 -0.671 15.279 162 152 140 -0.001005 0.999575 -0.029133
-2.073 -0.670 15.287 160 148 136 0.013166 0.999593 -0.025319
-2.115 -0.670 15.266 170 162 160 0.019905 0.998373 -0.053428
-2.122 -0.671 15.261 178 166 166 0.017773 0.998419 -0.053319
-2.046 -0.669 15.336 153 145 132 0.007144 0.999182 -0.039804
-2.135 -0.671 15.261 164 161 154 0.003032 0.999505 -0.031329
-2.138 -0.672 15.255 167 164 157 0.009169 0.999393 -0.033619
-2.103 -0.670 15.269 143 144 136 -0.004994 0.999807 -0.018977
-2.125 -0.672 15.257 170 160 151 0.005073 0.999356 -0.035510
-2.017 -0.668 15.345 114 104 95 0.028575 0.998017 -0.056092
-2.025 -0.670 15.340 150 142 131 0.024239 0.998024 -0.057963
-2.100 -0.671 15.275 172 162 152 0.011452 0.998411 -0.055178
-2.143 -0.672 15.257 172 172 160 0.017806 0.998181 -0.057607
-2.058 -0.670 15.313 160 150 138 0.033071 0.997469 -0.062942
-2.116 -0.671 15.264 175 164 170 0.011384 0.998649 -0.050709
-2.048 -0.669 15.332 134 135 121 -0.001010 0.999374 -0.035367
-2.032 -0.669 15.341 155 155 147 0.019668 0.998905 -0.042441
-2.076 -0.671 15.278 154 147 137 0.005063 0.999494 -0.031392
-2.072 -0.672 15.278 158 154 151 0.015466 0.999072 -0.040210
-2.068 -0.670 15.301 159 151 149 0.015435 0.999156 -0.038073
-2.095 -0.671 15.271 165 155 145 0.009115 0.999584 -0.027344
-2.133 -0.672 15.256 164 160 157 0.009204 0.999162 -0.039885
-2.129 -0.671 15.261 168 154 141 0.013429 0.998923 -0.044420
-2.083 -0.671 15.282 167 159 148 0.011184 0.999441 -0.031518
-2.019 -0.671 15.344 144 137 129 0.028402 0.998267 -0.051544
-2.049 -0.670 15.326 150 143 133 0.023905 0.998806 -0.042613
-2.068 -0.671 15.283 157 149 138 0.019512 0.999235 -0.033890
-2.134 -0.671 15.266 170 161 152 0.007033 0.999708 -0.023109
-2.157 -0.671 15.260 174 163 161 0.005053 0.999558 -0.029310
-2.126 -0.671 15.270 171 158 149 0.003026 0.999507 -0.031266
-2.149 -0.672 15.261 176 168 157 0.009259 0.998978 -0.044239
-2.158 -0.672 15.257 175 167 164 0.007089 0.999482 -0.031392
-2.142 -0.671 15.265 167 164 149 0.009150 0.999395 -0.033550
-2.108 -0.671 15.274 161 157 148 0.011407 0.998643 -0.050814
-2.137 -0.671 15.265 164 157 147 0.009151 0.999461 -0.031519
-2.152 -0.671 15.260 179 164 157 0.017808 0.998299 -0.055519
-2.112 -0.670 15.275 170 163 153 0.003020 0.999626 -0.027180
-2.134 -0.671 15.269 169 160 153 0.033269 0.997009 -0.069758
-2.054 -0.669 15.331 150 142 131 0.007117 0.999412 -0.033551
-2.054 -0.670 15.328 143 134 125 0.030694 0.998070 -0.053978
-2.094 -0.670 15.279 170 166 157 0.001007 0.999513 -0.031203
-2.121 -0.670 15.268 160 158 145 0.024242 0.998144 -0.055862
-2.140 -0.671 15.260 172 172 164 -0.007047 0.999658 -0.025168
-2.143 -0.672 15.262 168 164 155 0.005093 0.999198 -0.039723
-2.062 -0.669 15.317 170 156 145 0.033137 0.997321 -0.065205
-2.129 -0.671 15.267 171 160 158 0.017631 0.998755 -0.046671
-2.129 -0.671 15.270 170 156 155 0.011295 0.999134 -0.040048
-2.161 -0.672 15.257 171 163 160 0.017771 0.998306 -0.055403
-2.100 -0.670 15.278 171 157 148 0.007130 0.999264 -0.037689
-2.152 -0.672 15.255 169 166 157 0.011384 0.998649 -0.050709
-2.142 -0.671 15.267 170 164 148 0.017808 0.998299 -0.055519
-2.059 -0.670 15.323 158 154 143 0.035070 0.997914 -0.054200
