-1.876 -0.671 15.354 143 141 129 -0.065443 0.990824 -0.118256
-2.135 -0.668 15.393 111 107 104 -0.034442 0.998813 -0.034442
-2.165 -0.670 15.392 182 175 167 -0.077324 0.994003 -0.077324
-2.081 -0.668 15.394 140 137 130 -0.003014 0.999680 -0.025118
-1.992 -0.668 15.388 148 149 135 0.011273 0.999217 -0.037919
-1.986 -0.668 15.378 162 161 141 0.002996 0.999815 -0.018978
-2.115 -0.669 15.389 151 149 134 -0.034860 0.998261 -0.047536
-2.059 -0.669 15.385 161 152 143 0.002979 0.999885 -0.014894
-1.967 -0.668 15.387 178 167 163 -0.005305 -0.996286 -0.085942
-1.853 -0.668 15.346 161 146 143 -0.048928 0.991072 -0.124026
-2.191 -0.671 15.412 130 126 117 -0.055318 0.996812 -0.057488
-2.062 -0.668 15.371 180 171 154 -0.005093 0.999198 -0.039723
-2.021 -0.667 15.388 154 152 140 0.001020 0.999036 -0.043880
-1.842 -0.669 15.335 150 143 135 -0.032560 0.991385 -0.126870
-2.005 -0.668 15.379 159 162 153 0.001036 0.997999 -0.063217
-1.864 -0.669 15.345 149 140 133 -0.036137 0.995403 -0.088699
-1.991 -0.668 15.384 162 158 149 0.007200 0.998805 -0.048346
-1.975 -0.668 15.387 164 156 143 0.007020 0.999794 0.019053
-1.912 -0.668 15.384 146 143 138 0.007300 -0.998078 -0.061533
-1.895 -0.669 15.370 141 135 135 -0.072989 0.993771 -0.084218
-2.162 -0.670 15.400 139 136 129 -0.070166 0.994571 -0.076848
-2.094 -0.668 15.388 156 147 138 -0.011053 0.999793 -0.017082
-1.849 -0.669 15.346 158 164 154 -0.046356 0.991572 -0.120979
-2.103 -0.668 15.394 138 137 132 -0.034232 0.998961 -0.030083
-2.104 -0.669 15.398 138 144 132 -0.021568 0.999324 -0.029785
-1.862 -0.668 15.358 119 125 115 -0.048158 0.993394 -0.104155
-2.054 -0.669 15.386 140 129 125 0.007145 0.999261 -0.037766
-1.958 -0.669 15.387 165 155 146 0.003251 -0.993746 -0.111620
-1.952 -0.669 15.384 157 158 142 -0.001096 -0.991465 -0.130369
-2.001 -0.669 15.388 144 140 128 0.005285 0.996669 -0.081382
-1.977 -0.669 15.383 161 147 144 -0.008937 -0.999936 -0.006951
-1.880 -0.670 15.358 152 150 138 -0.075394 0.989400 -0.124110
-2.084 -0.668 15.380 148 146 125 -0.005014 0.999766 -0.021058
-1.938 -0.668 15.384 172 159 151 -0.007748 -0.990658 -0.136146
-2.109 -0.669 15.393 145 135 126 -0.017149 0.999706 -0.017149
-2.049 -0.668 15.387 155 151 142 0.007061 0.999657 -0.025218
-2.031 -0.670 15.380 138 140 116 0.009222 0.999075 -0.042012
-2.120 -0.669 15.398 143 132 126 -0.026352 0.998206 -0.053758
-2.056 -0.667 15.391 127 123 122 0.007159 0.999179 -0.039885
-2.125 -0.669 15.390 149 143 131 -0.028976 0.996991 -0.071904
-1.936 -0.668 15.386 149 156 138 -0.009835 -0.993347 -0.114743
-2.093 -0.668 15.383 157 153 144 -0.006992 0.999831 -0.016980
-2.161 -0.671 15.397 152 149 140 -0.050765 0.996942 -0.059406
-1.897 -0.668 15.378 154 151 144 -0.060269 0.996086 -0.064652
-2.157 -0.669 15.410 158 154 143 -0.053040 0.996943 -0.057370
-2.154 -0.669 15.410 161 155 139 -0.054751 0.997331 -0.048310
-2.045 -0.668 15.373 179 172 156 0.010944 0.999916 -0.006965
-2.118 -0.669 15.399 149 138 134 -0.026088 0.998652 -0.044872
-2.181 -0.672 15.406 176 165 159 -0.087180 0.992944 -0.080387
-2.039 -0.668 15.374 171 164 146 0.007047 0.999658 -0.025168
-2.078 -0.668 15.384 164 160 149 0.002996 0.999776 -0.020974
-2.039 -0.668 15.378 165 153 141 0.005103 0.999111 -0.041842
-1.870 -0.667 15.372 132 135 110 -0.069769 0.991628 -0.108656
-2.014 -0.669 15.376 144 136 125 -0.001051 0.997054 -0.076696
-2.182 -0.670 15.409 170 158 160 -0.076009 0.992651 -0.094160
-1.902 -0.669 15.370 183 176 166 -0.058314 0.995733 -0.071517
-2.113 -0.670 15.384 171 169 157 -0.021696 0.999034 -0.038226
-1.923 -0.671 15.398 158 147 127 -0.005534 -0.990673 -0.136148
-1.946 -0.670 15.392 155 148 138 -0.007795 -0.989919 -0.141417
-1.866 -0.667 15.358 147 143 132 -0.055655 0.991572 -0.116990
-2.175 -0.669 15.407 144 142 127 -0.047823 0.997905 -0.043572
-2.064 -0.668 15.376 180 167 158 -0.005053 0.999496 -0.031329
-2.086 -0.667 15.385 148 144 133 -0.019320 0.999540 -0.023387
-2.113 -0.669 15.387 160 159 141 -0.025780 0.999220 -0.029904
-1.925 -0.668 15.385 166 135 140 -0.007748 -0.990658 -0.136146
-2.000 -0.668 15.383 156 148 135 -0.003020 0.999569 -0.029192
-1.915 -0.669 15.387 140 137 130 0.011406 -0.998536 -0.052882
-2.024 -0.670 15.376 162 149 141 -0.005265 0.997187 -0.074763
-2.147 -0.670 15.387 173 171 159 -0.041530 0.997774 -0.052178
-1.931 -0.670 15.396 162 143 128 -0.001073 0.994569 0.104070
-2.021 -0.668 15.385 155 151 142 0.001013 0.999371 -0.035439
-1.922 -0.669 15.388 146 131 136 0.009760 0.994404 0.105188
-2.085 -0.668 15.398 149 138 132 -0.019321 0.999585 -0.021354
-1.937 -0.669 15.392 143 146 127 -0.005482 -0.992280 -0.123898
-1.898 -0.670 15.390 139 129 128 -0.033550 0.999395 -0.009150
-1.889 -0.667 15.379 130 123 104 -0.048115 0.997577 -0.050253
-1.888 -0.667 15.375 144 143 125 -0.058314 0.995733 -0.071517
-1.996 -0.668 15.376 181 176 170 0.003014 0.999680 -0.025118
-1.917 -0.671 15.401 152 150 135 0.003238 0.994035 0.109009
-2.108 -0.670 15.385 153 153 141 -0.021611 0.999257 -0.031902
-2.045 -0.669 15.384 162 153 146 0.017458 0.999201 -0.035942
-1.894 -0.669 15.362 142 142 130 -0.086111 0.987328 -0.133295
-2.144 -0.669 15.403 156 147 130 -0.034790 0.998366 -0.045332
-2.179 -0.671 15.406 159 152 142 -0.068925 0.993204 -0.093784
-2.063 -0.667 15.388 147 147 137 -0.000991 0.999917 -0.012883
-1.907 -0.669 15.389 147 137 125 -0.003226 -0.994762 -0.102165
-1.854 -0.669 15.341 158 141 121 -0.048818 0.991112 -0.123747
-2.076 -0.667 15.385 169 169 159 -0.013088 0.999731 -0.019129
-2.098 -0.668 15.395 133 141 126 -0.015192 0.999658 -0.021269
-1.940 -0.669 15.388 151 148 133 -0.003362 -0.987428 -0.158033
-2.031 -0.667 15.392 173 170 155 0.003008 0.999681 -0.025067
-2.097 -0.668 15.391 145 142 133 -0.013115 0.999730 -0.019167
-2.019 -0.667 15.390 153 155 141 -0.003049 0.999209 -0.039643
-1.844 -0.670 15.338 143 132 136 -0.066363 0.988454 -0.136218
-2.036 -0.668 15.371 169 168 148 0.001012 0.999298 -0.037461
-2.094 -0.668 15.391 132 138 124 -0.017217 0.999626 -0.021269
-2.027 -0.668 15.372 160 165 145 0.001001 0.999686 -0.025017
-1.842 -0.669 15.341 157 151 153 -0.057566 0.985664 -0.158599
-2.152 -0.669 15.405 158 151 145 -0.060639 0.995584 -0.071664
-2.147 -0.670 15.397 141 141 133 -0.067937 0.994551 -0.079074
-2.023 -0.669 15.372 163 153 143 0.003098 0.998497 -0.054726
-1.892 -0.669 15.366 144 143 138 -0.065975 0.994099 -0.086103
-2.147 -0.669 15.403 149 147 135 -0.059148 0.994348 -0.088163
-1.869 -0.669 15.359 160 157 148 -0.068544 0.988662 -0.133603
-1.913 -0.669 15.389 135 135 125 -0.007662 -0.992827 -0.119314
-2.021 -0.668 15.392 155 151 139 -0.009757 0.994175 -0.107332
-1.875 -0.669 15.365 140 138 125 -0.070596 0.989497 -0.126146
-1.862 -0.669 15.346 138 125 109 -0.055781 0.991534 -0.117254
-2.071 -0.668 15.394 155 141 132 -0.007075 0.999545 -0.029309
-1.929 -0.670 15.397 154 140 111 -0.003294 -0.991423 -0.130653
-1.938 -0.670 15.397 146 140 124 -0.005555 -0.989979 -0.141108
-2.051 -0.669 15.384 169 161 150 0.005143 0.998817 -0.048346
-2.014 -0.668 15.388 142 145 134 -0.003073 0.998835 -0.048149
-2.101 -0.669 15.399 153 155 141 -0.019474 0.999305 -0.031773
-2.053 -0.668 15.388 141 138 133 0.009223 0.999159 -0.039966
-2.169 -0.670 15.392 177 168 159 -0.079074 0.994551 -0.067937
-2.201 -0.671 15.415 144 144 136 -0.056897 0.997312 -0.046162
-1.858 -0.669 15.345 149 144 125 -0.053178 0.992283 -0.112014
-2.027 -0.668 15.385 169 154 159 0.003208 0.995457 -0.095162
-1.982 -0.669 15.384 159 156 141 0.022792 0.995271 -0.094426
-2.061 -0.668 15.384 167 169 155 -0.000989 0.999917 -0.012857
-1.944 -0.670 15.398 144 146 125 -0.005398 -0.994258 -0.106875
-2.130 -0.668 15.391 131 127 116 -0.033808 0.995708 -0.086157
-2.089 -0.668 15.383 155 148 130 -0.005043 0.999616 -0.027235
-1.946 -0.669 15.387 170 149 146 -0.009927 -0.991588 -0.129050
-2.092 -0.668 15.396 147 139 136 -0.015102 0.999772 -0.015102
-2.100 -0.669 15.384 163 152 148 -0.015223 0.999612 -0.023341
-1.883 -0.668 15.367 147 150 133 -0.063231 0.995059 -0.076543
-2.098 -0.668 15.389 149 145 142 -0.017458 0.999201 -0.035942
-2.192 -0.673 15.407 143 133 121 -0.071960 0.995266 -0.065318
-1.898 -0.669 15.366 159 160 142 -0.042379 0.996445 -0.072805
-1.848 -0.669 15.341 150 151 145 -0.032118 0.993452 -0.109645
-2.178 -0.670 15.414 167 161 145 -0.065574 0.994723 -0.078911
-1.911 -0.670 15.391 136 138 125 0.012023 -0.993570 -0.112583
-2.008 -0.668 15.388 146 143 134 -0.003020 0.999569 -0.029192
-2.122 -0.668 15.393 140 135 129 -0.028010 0.999021 -0.034234
-1.876 -0.667 15.369 158 150 147 -0.088480 0.987433 -0.130950
-1.921 -0.670 15.399 148 137 119 -0.012252 -0.990185 -0.139227
-1.865 -0.667 15.368 98 102 79 -0.086776 0.985440 -0.146211
-2.010 -0.670 15.375 164 153 147 0.003062 0.999120 -0.041843
-2.169 -0.670 15.405 155 150 147 -0.073152 0.993743 -0.084406
-2.126 -0.670 15.385 168 172 145 -0.031001 0.997390 -0.065210
-2.138 -0.669 15.392 121 120 102 -0.044548 0.996351 -0.072798
-2.201 -0.670 15.418 155 155 145 -0.062964 0.995268 -0.074010
-2.139 -0.669 15.401 140 134 122 -0.034856 0.998159 -0.049644
-2.066 -0.668 15.385 174 166 163 -0.004984 0.999876 -0.014953
-2.101 -0.669 15.389 155 149 149 -0.015313 0.999444 -0.029606
-2.111 -0.668 15.392 148 138 126 -0.025831 0.999153 -0.032031
-2.090 -0.669 15.380 153 151 139 -0.021654 0.999186 -0.034028
-1.889 -0.668 15.384 150 142 123 -0.060269 0.996086 -0.064652
-2.071 -0.668 15.384 179 170 171 0.007033 0.999753 -0.021100
-1.856 -0.670 15.340 144 138 112 -0.043407 0.993910 -0.101283
-1.996 -0.668 15.386 157 151 151 0.007130 0.999264 -0.037689
-2.179 -0.672 15.403 181 169 155 -0.047827 0.997995 -0.041450
-1.871 -0.668 15.358 148 148 122 -0.067339 0.991821 -0.108427
-2.155 -0.670 15.401 153 145 142 -0.043572 0.997905 -0.047823
-1.832 -0.670 15.337 177 163 160 -0.043926 0.992276 -0.116010
-2.150 -0.670 15.399 139 132 126 -0.039166 0.998196 -0.045517
-2.196 -0.671 15.414 146 143 138 -0.045698 0.997910 -0.045698
-2.041 -0.668 15.393 143 140 135 0.017424 0.999343 -0.031774
-2.036 -0.669 15.384 148 144 135 0.013244 0.999413 -0.031582
-1.904 -0.669 15.386 148 138 126 0.013587 -0.998131 -0.059574
-2.107 -0.669 15.388 155 151 142 -0.019669 0.998991 -0.040374
-1.906 -0.668 15.384 159 149 137 -0.011518 0.997892 0.063873
-1.926 -0.669 15.394 149 130 116 -0.012279 -0.990141 -0.139535
-1.929 -0.670 15.393 155 132 118 -0.025756 -0.991045 -0.131020
-2.204 -0.671 15.415 127 127 119 -0.075404 0.993763 -0.082157
-2.172 -0.671 15.396 177 167 157 -0.050355 0.997461 -0.050355
-2.009 -0.668 15.383 141 148 141 0.003044 0.999365 -0.035510
-1.994 -0.669 15.387 150 147 140 0.009187 0.999319 -0.035726
-2.027 -0.669 15.378 157 149 138 0.005053 0.999496 -0.031329
-1.858 -0.667 15.354 82 95 75 -0.067883 0.990630 -0.118507
-1.841 -0.669 15.344 169 165 162 -0.034272 0.993879 -0.105026
-2.013 -0.668 15.380 149 147 135 0.005093 0.999198 -0.039723
-2.198 -0.671 15.422 168 153 150 -0.061010 0.995025 -0.078759
-1.908 -0.670 15.398 154 146 135 -0.007558 -0.994471 -0.104738
-2.026 -0.667 15.387 171 161 162 0.005093 0.999198 -0.039723
-2.040 -0.668 15.389 144 140 137 -0.003067 0.998936 -0.046010
-1.865 -0.668 15.355 149 140 135 -0.072044 0.991467 -0.108638
-2.008 -0.668 15.379 143 153 142 -0.001011 0.999443 -0.033348
-2.072 -0.668 15.381 166 159 149 -0.008937 0.999920 -0.008937
-1.844 -0.670 15.340 128 129 133 -0.063391 0.990050 -0.125629
-2.003 -0.668 15.379 155 152 143 -0.001024 0.998739 -0.050193
-2.139 -0.668 15.397 124 118 104 -0.028176 0.998687 -0.042786
-2.021 -0.669 15.376 168 155 146 0.005244 0.997364 -0.072364
-1.888 -0.668 15.366 134 141 125 -0.068785 0.993441 -0.091338
-1.903 -0.668 15.374 142 139 120 -0.036307 0.998948 -0.028008
-1.991 -0.668 15.380 168 163 159 0.001007 0.999573 -0.029192
-2.192 -0.671 15.419 181 165 165 -0.076180 0.992618 -0.094373
-1.893 -0.668 15.381 129 129 119 -0.095193 0.988357 -0.118697
-2.153 -0.670 15.390 164 165 151 -0.068184 0.996780 -0.042209
-2.055 -0.669 15.380 166 153 144 0.011294 0.999050 -0.042098
-2.031 -0.670 15.383 163 157 143 0.009314 0.998670 -0.050710
-1.893 -0.669 15.370 155 154 150 -0.060887 0.995218 -0.076385
-2.150 -0.670 15.397 141 134 128 -0.047920 0.997801 -0.045790
-1.871 -0.669 15.349 148 150 136 -0.057819 0.991998 -0.112237
-2.166 -0.671 15.396 176 166 164 -0.054975 0.997090 -0.052819
-2.036 -0.668 15.374 165 155 145 0.000995 0.999856 -0.016913
-2.084 -0.668 15.383 151 145 129 -0.019358 0.999488 -0.025471
-1.894 -0.669 15.365 150 147 142 -0.050868 0.996798 -0.061691
-1.886 -0.667 15.376 137 129 108 -0.063735 0.994050 -0.088335
-1.839 -0.669 15.335 134 137 120 -0.041502 0.992695 -0.113291
-1.857 -0.667 15.362 114 127 107 -0.050493 0.993020 -0.106595
-1.947 -0.670 15.396 126 135 114 -0.001092 -0.992361 -0.123363
-2.043 -0.667 15.392 144 139 135 0.005083 0.999279 -0.037613
-2.165 -0.669 15.405 141 138 133 -0.050566 0.997328 -0.052717
-2.048 -0.669 15.384 171 160 154 0.003020 0.999626 -0.027180
-2.063 -0.668 15.379 179 175 166 0.000997 0.999780 -0.020933
-1.880 -0.668 15.377 161 146 149 -0.056786 0.994304 -0.090189
-1.926 -0.669 15.389 157 129 126 -0.005367 -0.994991 -0.099821
-1.893 -0.669 15.387 152 142 133 -0.023063 0.999730 0.003008
-1.929 -0.668 15.385 133 119 110 -0.007780 -0.990272 -0.138927
-2.125 -0.669 15.392 144 136 133 -0.036973 0.998283 -0.045425
-2.086 -0.667 15.393 141 131 130 -0.009151 0.999461 -0.031519
-1.865 -0.669 15.350 143 134 117 -0.058629 0.989792 -0.129903
-1.933 -0.670 15.394 145 131 118 -0.014182 -0.993810 -0.110181
-2.152 -0.669 15.401 150 140 138 -0.045329 0.998291 -0.036896
-2.030 -0.669 15.375 151 157 143 0.007131 0.999339 -0.035654
-2.053 -0.668 15.391 143 144 136 0.009061 0.999691 -0.023155
-1.841 -0.668 15.346 173 168 164 -0.074853 0.984973 -0.155647
-1.916 -0.669 15.386 148 145 130 -0.003270 -0.992913 -0.118801
-2.039 -0.668 15.371 175 174 156 0.007172 0.999003 -0.044059
-2.000 -0.670 15.374 173 173 165 0.003068 0.999028 -0.043970
-1.861 -0.667 15.363 119 118 113 -0.078161 0.982418 -0.169548
-2.053 -0.670 15.383 163 151 139 0.004975 0.999876 -0.014924
-2.186 -0.672 15.401 142 138 127 -0.050772 0.997068 -0.057253
-1.830 -0.670 15.333 173 158 153 -0.032055 0.993718 -0.107220
-1.952 -0.670 15.394 146 138 136 -0.001125 -0.986605 -0.163122
-2.170 -0.669 15.402 153 148 144 -0.053040 0.996943 -0.057370
-2.088 -0.668 15.388 142 139 132 -0.009096 0.999586 -0.027289
-1.870 -0.667 15.365 144 140 130 -0.042372 0.996285 -0.074966
-1.856 -0.668 15.349 111 111 101 -0.052109 0.987754 -0.147063
-1.978 -0.668 15.390 159 151 140 0.007117 0.999412 0.033551
-2.051 -0.669 15.380 167 160 144 0.015223 0.999612 -0.023341
-1.838 -0.669 15.340 178 172 160 -0.057433 0.985730 -0.158233
-2.128 -0.669 15.400 141 131 130 -0.021269 0.999626 -0.017217
-2.059 -0.668 15.381 168 170 157 0.008990 0.999847 -0.014983
-2.072 -0.669 15.375 176 169 151 0.008954 0.999900 -0.010944
-2.044 -0.668 15.369 175 169 153 0.004984 0.999844 -0.016947
-1.955 -0.669 15.387 142 143 129 0.001102 -0.990471 -0.137718
-1.834 -0.670 15.337 165 155 145 -0.056672 0.988861 -0.137631
-2.066 -0.668 15.387 154 150 141 0.002938 0.999995 0.000979
-1.873 -0.668 15.366 150 150 142 -0.071754 0.992023 -0.103644
-2.204 -0.671 15.418 139 136 127 -0.055431 0.996671 -0.059779
-1.982 -0.669 15.388 166 157 152 -0.003014 -0.999680 -0.025118
-2.148 -0.670 15.391 167 160 152 -0.060383 0.995776 -0.069166
-2.121 -0.669 15.389 150 151 143 -0.028235 0.998681 -0.042875
-1.969 -0.669 15.392 159 154 150 -0.001087 -0.992690 -0.120688
-1.884 -0.669 15.362 125 125 113 -0.069050 0.992740 -0.098482
-1.967 -0.668 15.383 169 159 150 -0.001093 -0.991782 -0.127937
-2.158 -0.670 15.397 155 152 143 -0.045513 0.998111 -0.041279
-2.125 -0.669 15.397 142 132 131 -0.030629 0.998078 -0.053865
-1.835 -0.669 15.341 174 171 162 -0.064381 0.986790 -0.148662
-2.115 -0.669 15.383 169 169 167 -0.028235 0.998681 -0.042875
-2.133 -0.669 15.399 125 121 110 -0.026090 0.998743 -0.042788
-2.017 -0.669 15.379 156 153 136 0.001005 0.999575 -0.029133
-2.128 -0.668 15.396 129 119 118 -0.023812 0.999060 -0.036235
-2.066 -0.668 15.375 184 167 157 -0.009169 0.999393 -0.033619
-2.187 -0.670 15.414 179 166 175 -0.043221 0.998304 -0.039004
-2.080 -0.668 15.376 170 166 154 -0.009204 0.999162 -0.039885
-1.902 -0.668 15.386 149 141 130 -0.029486 0.999478 -0.013218
-1.858 -0.667 15.357 117 114 79 -0.068702 0.988609 -0.133911
-2.043 -0.667 15.388 150 152 139 0.009204 0.999162 -0.039885
-1.921 -0.671 15.403 158 150 131 -0.005491 -0.991695 -0.128492
-1.960 -0.669 15.392 152 139 133 0.003344 -0.988610 -0.150465
-2.160 -0.670 15.393 169 165 156 -0.051082 0.996634 -0.064124
-2.177 -0.673 15.399 181 171 161 -0.050361 0.997567 -0.048218
-1.899 -0.669 15.374 139 135 136 -0.083180 0.992461 -0.090017
-1.982 -0.668 15.381 157 159 135 0.011250 0.999220 -0.037842
-2.071 -0.668 15.390 159 145 144 -0.004994 0.999807 -0.018977
-2.192 -0.671 15.422 179 168 164 -0.068607 0.996439 -0.049005
-1.896 -0.668 15.385 132 132 124 -0.047730 0.998089 -0.039245
-1.973 -0.668 15.389 161 151 141 0.013482 0.998720 -0.048743
-2.130 -0.669 15.395 126 117 110 -0.028008 0.998948 -0.036307
-1.879 -0.668 15.366 144 134 135 -0.042635 0.995898 -0.079803
-1.978 -0.668 15.379 165 156 151 0.015312 0.999382 -0.031645
-2.173 -0.672 15.393 177 168 161 -0.055884 0.996048 -0.069033
-2.151 -0.670 15.391 170 163 155 -0.039241 0.997986 -0.049846
-2.063 -0.667 15.391 133 134 129 0.015252 0.999507 -0.027453
-1.876 -0.669 15.358 137 132 128 -0.057359 0.993094 -0.102346
-2.031 -0.667 15.389 178 168 158 0.005073 0.999356 -0.035510
-1.996 -0.667 15.378 181 173 170 0.001001 0.999686 -0.025017
-1.861 -0.668 15.354 133 138 131 -0.061441 0.988852 -0.135634
-2.117 -0.668 15.391 149 145 133 -0.033005 0.997611 -0.060687
-2.141 -0.669 15.394 127 131 116 -0.030267 0.998796 -0.038616
-2.184 -0.672 15.399 149 149 141 -0.050772 0.997068 -0.057253
-1.871 -0.668 15.363 160 154 160 -0.058050 0.991406 -0.117239
-2.054 -0.668 15.372 159 167 154 0.011206 0.999372 -0.033618
-2.173 -0.670 15.403 151 149 136 -0.045698 0.997910 -0.045698
-2.187 -0.672 15.409 136 141 137 -0.053473 0.996348 -0.066569
-2.192 -0.671 15.416 166 151 148 -0.060261 0.995943 -0.066834
-1.845 -0.669 15.345 162 159 154 -0.041584 0.992406 -0.115762
-1.928 -0.669 15.388 142 114 113 -0.003238 -0.994035 -0.109009
-1.997 -0.669 15.375 179 174 168 -0.007358 0.997490 -0.070423
-1.898 -0.668 15.376 144 142 143 -0.043753 0.997783 -0.050156
-2.049 -0.668 15.370 172 170 157 0.011207 0.999438 -0.031583
-1.934 -0.669 15.388 145 144 126 0.001090 -0.992658 -0.120950
-1.875 -0.669 15.363 127 123 112 -0.061869 0.993275 -0.097865
-2.014 -0.667 15.385 153 155 144 0.001028 0.998623 -0.052451
-2.158 -0.670 15.394 159 159 147 -0.057959 0.996232 -0.064520
-2.079 -0.667 15.395 145 138 130 -0.013037 0.999802 -0.015042
-2.069 -0.668 15.394 138 131 123 -0.006896 0.999972 -0.002956
-1.871 -0.668 15.361 156 151 134 -0.098280 0.981586 -0.163800
-1.911 -0.668 15.379 162 153 148 -0.009797 -0.993889 -0.109948
-1.872 -0.669 15.353 127 126 113 -0.090810 0.981956 -0.165879
-2.022 -0.669 15.381 164 148 148 0.001020 0.998945 -0.045917
-2.178 -0.670 15.411 159 158 140 -0.060629 0.995424 -0.073858
-2.018 -0.669 15.376 161 156 137 0.005123 0.998923 -0.046104
-2.075 -0.668 15.374 176 176 164 0.000989 0.999940 -0.010880
-2.195 -0.670 15.422 184 164 163 -0.044108 0.997273 -0.059169
-2.183 -0.673 15.402 152 152 144 -0.041534 0.997883 -0.050054
-1.900 -0.668 15.371 146 141 137 -0.039320 0.997869 -0.052072
-2.082 -0.668 15.379 164 155 140 -0.013219 0.999536 -0.027454
-2.005 -0.668 15.385 148 144 133 -0.007200 0.998805 -0.048346
-1.903 -0.670 15.392 152 143 134 -0.001038 0.997991 0.063348
-2.112 -0.669 15.396 144 131 123 -0.026352 0.998206 -0.053758
-2.086 -0.667 15.388 151 144 138 -0.013193 0.999591 -0.025370
-1.966 -0.668 15.384 173 165 162 0.003220 0.995000 0.099822
-1.918 -0.668 15.384 156 147 138 -0.003269 -0.992653 -0.120949
-2.076 -0.667 15.391 148 139 134 -0.003026 0.999507 -0.031266
-2.195 -0.670 15.415 144 134 132 -0.046069 0.997443 -0.054640
-2.046 -0.669 15.381 179 164 157 0.009241 0.999071 -0.042099
-1.897 -0.668 15.382 155 148 138 0.033687 -0.999369 -0.011229
-1.894 -0.668 15.375 158 164 154 -0.062836 0.995448 -0.071655
-2.056 -0.667 15.371 157 170 150 -0.001007 0.999513 -0.031203
-2.006 -0.669 15.389 143 144 128 0.009480 0.997462 -0.070570
-2.169 -0.670 15.399 171 160 156 -0.089562 0.989833 -0.110498
-1.940 -0.669 15.384 160 153 143 -0.007633 -0.993394 -0.114497
-1.860 -0.670 15.342 156 153 134 -0.066473 0.987760 -0.141109
-2.081 -0.667 15.390 147 147 137 -0.011295 0.999134 -0.040048
-1.876 -0.667 15.375 135 137 116 -0.074789 0.990672 -0.113910
-2.059 -0.668 15.394 129 125 126 0.008902 0.999956 -0.002967
-2.103 -0.668 15.388 159 151 149 -0.019826 0.998600 -0.049043
-2.130 -0.668 15.388 139 137 125 -0.026244 0.998331 -0.051439
-1.950 -0.669 15.389 149 140 133 -0.005555 -0.989979 -0.141108
-1.906 -0.667 15.378 163 153 141 -0.015525 0.998794 0.046576
-2.040 -0.669 15.385 146 143 138 0.013062 0.999769 -0.017081
-2.053 -0.668 15.375 173 173 161 0.009079 0.999690 -0.023202
-2.160 -0.669 15.406 149 145 146 -0.059285 0.997062 -0.048506
-2.089 -0.668 15.392 149 144 141 -0.011207 0.999438 -0.031583
-1.907 -0.668 15.375 163 156 137 0.021912 -0.998556 -0.049041
-1.932 -0.670 15.401 159 144 121 -0.001088 -0.992948 -0.118545
-1.882 -0.667 15.379 156 145 141 -0.094998 0.988683 -0.116109
-2.093 -0.669 15.380 149 148 144 -0.013219 0.999536 -0.027454
-2.026 -0.669 15.374 159 156 137 -0.003104 0.998375 -0.056902
-2.148 -0.670 15.394 154 150 141 -0.041613 0.997651 -0.054417
-2.126 -0.670 15.401 146 133 125 -0.025829 0.999085 -0.034095
-2.187 -0.672 15.406 121 124 115 -0.052284 0.997674 -0.043748
-2.028 -0.669 15.383 168 157 155 0.003020 0.999626 -0.027180
-2.139 -0.668 15.387 167 159 156 -0.032547 0.998450 -0.045145
-2.075 -0.667 15.387 154 151 144 -0.011185 0.999503 -0.029487
-1.999 -0.669 15.376 174 171 162 0.003080 0.998831 -0.048248
-1.861 -0.669 15.349 158 145 139 -0.036488 0.994029 -0.102831
-1.888 -0.667 15.372 161 165 150 -0.046536 0.996733 -0.066016
-2.174 -0.671 15.401 166 160 146 -0.044280 0.996845 -0.065880
-1.907 -0.669 15.393 141 132 117 -0.003202 -0.995675 -0.092844
-2.049 -0.668 15.394 157 147 137 0.011451 0.998294 -0.057254
-1.891 -0.668 15.382 127 118 109 -0.056557 0.994741 -0.085390
-1.884 -0.670 15.359 143 139 127 -0.070333 0.990429 -0.118759
-2.144 -0.670 15.396 131 135 121 -0.048115 0.997577 -0.050253
-2.141 -0.669 15.387 174 165 168 -0.032681 0.998339 -0.047440
-2.157 -0.669 15.407 161 158 153 -0.079250 0.994527 -0.068088
-1.867 -0.667 15.363 139 137 124 -0.080267 0.983565 -0.161731
-1.916 -0.670 15.397 150 147 132 -0.012206 -0.990871 -0.134261
-1.973 -0.668 15.385 169 161 148 0.015012 0.999827 -0.011009
-2.134 -0.667 15.388 132 128 117 -0.023715 0.999139 -0.034026
-1.942 -0.669 15.394 142 144 122 -0.005637 -0.986530 -0.163482
-1.956 -0.670 15.391 128 124 113 -0.003331 -0.989358 -0.145461
-2.166 -0.669 15.409 142 147 143 -0.053357 0.996364 -0.066424
-2.066 -0.668 15.378 184 170 167 -0.007116 0.999341 -0.035582
-2.107 -0.669 15.397 136 136 128 -0.021871 0.998757 -0.044783
-2.036 -0.669 15.381 164 162 165 0.001022 0.998844 -0.048051
-1.987 -0.668 15.386 147 149 128 0.009258 0.998885 -0.046292
-2.192 -0.672 15.410 131 123 112 -0.046355 0.997164 -0.059291
-2.036 -0.668 15.387 152 145 137 0.001026 0.998734 -0.050296
-1.909 -0.670 15.396 149 141 130 -0.009833 -0.993095 -0.116899
-1.868 -0.670 15.349 141 144 117 -0.052967 0.992841 -0.107060
-1.930 -0.670 15.401 160 154 122 -0.016748 -0.990383 -0.137336
-2.175 -0.669 15.411 158 152 140 -0.046442 0.996886 -0.063723
-2.077 -0.668 15.380 167 163 151 -0.005113 0.999108 -0.041928
-2.167 -0.670 15.402 153 142 138 -0.044019 0.997409 -0.056903
-2.080 -0.668 15.380 176 170 158 -0.019475 0.999368 -0.029725
-2.160 -0.669 15.409 149 148 143 -0.065051 0.995613 -0.067256
-2.186 -0.672 15.410 158 153 157 -0.062461 0.996091 -0.062461
-1.868 -0.669 15.351 143 139 110 -0.065050 0.991723 -0.110699
-2.156 -0.670 15.389 171 171 159 -0.047827 0.997995 -0.041450
-2.056 -0.667 15.377 174 174 162 0.011141 0.999617 -0.025320
-1.880 -0.669 15.361 139 141 127 -0.089016 0.986302 -0.138866
-1.876 -0.667 15.371 143 137 137 -0.069628 0.991909 -0.106154
-2.002 -0.667 15.382 154 151 136 0.007358 0.997490 -0.070423
-2.059 -0.668 15.371 160 162 141 0.013063 0.999801 -0.015072
-2.185 -0.673 15.407 152 152 150 -0.072989 0.993771 -0.084218
-2.184 -0.670 15.413 184 172 176 -0.072853 0.994163 -0.079578
-2.124 -0.669 15.385 172 165 147 -0.030632 0.998190 -0.051758
-1.879 -0.667 15.372 158 141 151 -0.072062 0.991711 -0.106377
-2.152 -0.669 15.407 159 153 141 -0.060506 0.995603 -0.071507
-1.888 -0.670 15.362 143 142 124 -0.082399 0.989954 -0.114895
-1.903 -0.668 15.381 161 151 139 -0.035439 0.999367 0.003038
-1.964 -0.669 15.389 166 159 153 -0.007458 -0.996241 -0.086305
-1.958 -0.669 15.384 172 159 151 0.003313 -0.990724 -0.135852
-2.195 -0.670 15.419 168 150 148 -0.078136 0.993122 -0.087195
-2.059 -0.668 15.387 142 128 125 0.008972 0.999876 -0.012960
-2.017 -0.668 15.384 150 152 139 -0.001038 0.997991 -0.063348
-1.884 -0.667 15.370 159 153 139 -0.064267 0.993320 -0.095837
-1.923 -0.671 15.401 164 157 128 -0.021232 -0.991189 -0.130743
-1.936 -0.670 15.398 153 135 133 -0.005564 -0.989301 -0.145780
-1.854 -0.667 15.359 96 105 86 -0.058629 0.989792 -0.129903
-2.198 -0.672 15.409 153 140 134 -0.063102 0.995247 -0.074173
-2.004 -0.669 15.376 174 169 166 0.001013 0.999371 -0.035439
-1.916 -0.670 15.393 141 137 128 -0.012232 -0.990830 -0.134557
-2.049 -0.669 15.374 168 165 148 0.009186 0.999244 -0.037765
-2.000 -0.668 15.380 169 161 148 0.003074 0.998932 -0.046105
-2.090 -0.669 15.397 143 133 134 -0.017286 0.999527 -0.025420
-1.920 -0.670 15.394 148 139 124 -0.001088 -0.992948 -0.118545
-2.134 -0.669 15.402 147 141 125 -0.030449 0.998516 -0.045148
-1.973 -0.668 15.381 167 158 149 -0.005103 -0.999111 -0.041842
-2.059 -0.668 15.374 160 172 150 -0.001007 0.999513 -0.031203
-1.813 -0.669 15.331 155 147 145 -0.043321 0.994158 -0.098860
-1.814 -0.669 15.336 167 151 151 -0.050694 0.992468 -0.111526
-1.822 -0.670 15.333 164 154 145 -0.036488 0.994029 -0.102831
-1.820 -0.669 15.336 166 157 150 -0.049508 0.989010 -0.139313
-1.819 -0.669 15.339 166 164 151 -0.046919 0.989885 -0.133892
-1.822 -0.668 15.340 170 163 153 -0.057342 0.986514 -0.153302
-1.827 -0.669 15.341 183 170 162 -0.067524 0.984429 -0.162295
-1.819 -0.669 15.337 168 166 154 -0.062028 0.986590 -0.150973
-1.831 -0.669 15.342 180 171 166 -0.064255 0.987191 -0.146034
-1.818 -0.669 15.333 162 153 144 -0.083135 0.981951 -0.169884
-1.826 -0.670 15.332 160 159 157 -0.071161 0.988083 -0.136488
-1.809 -0.669 15.333 140 130 128 -0.045629 0.993812 -0.101273
-1.812 -0.669 15.336 171 150 147 -0.034077 0.994833 -0.095636
-1.828 -0.670 15.336 178 164 163 -0.039175 0.992817 -0.113049
-1.831 -0.668 15.345 178 168 166 -0.039021 0.993369 -0.108145
-1.881 -0.671 15.353 174 167 163 -0.064919 0.992007 -0.108198
-1.890 -0.669 15.358 126 115 111 -0.061757 0.993731 -0.093197
-2.139 -0.669 15.384 180 167 176 -0.028575 0.998017 -0.056092
-2.121 -0.669 15.382 164 162 149 -0.028572 0.997896 -0.058202
-2.125 -0.669 15.380 170 179 158 -0.028405 0.998373 -0.049445
-2.141 -0.669 15.384 174 175 159 -0.042542 0.995916 -0.079630
-2.133 -0.668 15.385 168 161 145 -0.033336 0.996844 -0.072048
-2.128 -0.669 15.384 167 171 154 -0.034860 0.998261 -0.047536
-2.067 -0.668 15.370 183 171 157 0.002979 0.999885 -0.014894
-2.178 -0.670 15.421 178 167 161 -0.058304 0.995574 -0.073705
-2.211 -0.672 15.425 175 161 148 -0.050355 0.997461 -0.050355
-2.167 -0.670 15.419 161 162 154 -0.057959 0.996232 -0.064520
-2.198 -0.671 15.432 176 173 158 -0.058432 0.995555 -0.073867
-2.169 -0.670 15.412 163 157 159 -0.073138 0.993551 -0.086640
-2.187 -0.670 15.423 165 173 158 -0.062452 0.995952 -0.064644
-2.167 -0.670 15.416 160 156 153 -0.052503 0.997557 -0.046074
-2.201 -0.670 15.425 174 165 160 -0.055649 0.996229 -0.066561
-2.204 -0.671 15.428 175 170 164 -0.039008 0.998393 -0.041116
-2.211 -0.672 15.428 179 165 152 -0.043309 0.998212 -0.041196
-2.201 -0.671 15.432 175 170 164 -0.032031 0.999153 -0.025831
-2.187 -0.670 15.428 167 171 156 -0.043572 0.997905 -0.047823
-2.184 -0.670 15.420 160 167 149 -0.036380 0.998883 -0.030143
-2.173 -0.670 15.422 175 165 164 -0.038536 0.998801 -0.030204
-2.175 -0.670 15.418 175 167 165 -0.045421 0.998203 -0.039083
-2.204 -0.671 15.432 177 173 170 -0.054757 0.997432 -0.046167
-2.213 -0.671 15.428 178 164 153 -0.061824 0.996784 -0.050978
-2.204 -0.671 15.435 175 172 167 -0.059406 0.996942 -0.050765
-2.178 -0.670 15.425 175 172 163 -0.069309 0.995622 -0.062708
-2.204 -0.671 15.425 172 165 155 -0.064388 0.996372 -0.055657
-2.201 -0.671 15.435 173 174 160 -0.074621 0.994581 -0.072394
-2.175 -0.669 15.414 172 163 158 -0.082327 0.993563 -0.077816
-2.170 -0.669 15.419 172 160 160 -0.055093 0.997077 -0.052933
-2.184 -0.670 15.424 171 174 155 -0.069879 0.994947 -0.072098
-2.201 -0.670 15.428 182 171 169 -0.060506 0.995603 -0.071507
-2.196 -0.671 15.429 179 171 158 -0.066561 0.996229 -0.055649
-2.170 -0.669 15.416 168 159 164 -0.048022 0.997792 -0.045888
-2.213 -0.671 15.425 159 148 144 -0.057715 0.996402 -0.062071
-2.186 -0.670 15.420 174 173 168 -0.060016 0.996258 -0.062198
-2.193 -0.670 15.426 177 171 159 -0.060392 0.995925 -0.066981
-2.184 -0.670 15.427 176 170 154 -0.055536 0.996387 -0.064248
-1.835 -0.668 15.346 167 168 160 -0.051602 0.989614 -0.134166
-1.848 -0.668 15.350 145 135 133 -0.046905 0.989579 -0.136139
-1.839 -0.668 15.350 178 158 160 -0.057210 0.986577 -0.152949
-1.832 -0.668 15.349 178 164 163 -0.066867 0.986576 -0.148984
-1.849 -0.667 15.354 124 109 114 -0.069772 0.985086 -0.157283
-1.843 -0.667 15.354 143 140 125 -0.046827 0.990230 -0.131345
-1.836 -0.668 15.350 176 164 164 -0.058745 0.989446 -0.132464
-1.847 -0.667 15.352 140 124 127 -0.058281 0.990783 -0.122277
-1.852 -0.667 15.350 139 128 106 -0.061058 0.989608 -0.130181
-1.843 -0.667 15.351 152 149 132 -0.061422 0.988539 -0.137909
-1.806 -0.668 15.332 108 95 89 -0.066494 0.988083 -0.138822
-1.851 -0.667 15.359 108 110 109 -0.077063 0.985226 -0.152941
-1.796 -0.668 15.331 141 142 128 -0.046186 0.992432 -0.113775
-1.852 -0.667 15.354 122 112 100 -0.075119 0.983703 -0.163354
-1.828 -0.669 15.345 180 165 162 -0.051009 0.991850 -0.116755
