-1.776 -0.666 14.806 150 150 140 0.019167 0.999702 0.015132
-1.754 -0.669 14.968 159 150 141 0.029546 0.999476 0.013245
-1.769 -0.666 14.840 168 161 151 0.021227 0.999688 0.013140
-1.767 -0.667 14.892 178 160 160 0.027453 0.999507 0.015252
-1.762 -0.668 14.929 172 160 160 0.023248 0.999643 0.013140
-1.754 -0.670 14.985 148 146 134 0.040046 0.999109 0.013349
-1.771 -0.667 14.848 158 155 140 0.033686 0.999344 0.013270
-1.767 -0.666 14.836 163 158 152 0.046481 0.998829 0.013428
-1.773 -0.666 14.857 170 161 152 -0.000993 0.999857 0.016879
-1.771 -0.668 14.901 167 156 154 0.023295 0.999642 0.013167
-1.768 -0.668 14.937 156 145 143 0.013063 0.999801 0.015072
-1.759 -0.669 14.945 151 147 136 0.011053 0.999793 0.017082
-1.773 -0.666 14.870 155 156 140 -0.004984 0.999876 0.014953
-1.773 -0.666 14.852 160 159 141 0.029546 0.999476 0.013245
-1.773 -0.666 14.863 163 156 146 0.004984 0.999844 0.016947
-1.780 -0.666 14.822 164 158 146 0.023294 0.999613 0.015192
-1.776 -0.666 14.826 158 153 149 0.031582 0.999413 0.013244
-1.767 -0.666 14.852 168 153 146 0.039965 0.999137 0.011272
-1.768 -0.667 14.909 166 158 156 0.019129 0.999731 0.013088
-1.769 -0.667 14.892 171 165 167 0.021184 0.999690 0.013114
-1.768 -0.668 14.928 178 165 157 0.019167 0.999702 0.015132
-1.763 -0.668 14.924 159 150 145 0.015102 0.999772 0.015102
-1.767 -0.667 14.884 165 160 157 0.006992 0.999831 0.016980
-1.771 -0.667 14.880 174 161 153 0.042098 0.999050 0.011294
-1.768 -0.668 14.915 166 162 153 0.029545 0.999447 0.015282
-1.774 -0.666 14.817 148 145 140 0.075233 0.997098 0.011656
-1.746 -0.669 14.963 156 150 134 0.044418 0.998893 0.015495
-1.773 -0.666 14.850 163 160 143 0.025370 0.999591 0.013193
-1.755 -0.669 14.950 159 148 152 0.052990 0.998504 0.013507
-1.746 -0.669 14.980 167 160 150 0.048644 0.998751 0.011385
-1.762 -0.668 14.937 159 151 138 0.029486 0.999478 0.013218
-1.773 -0.666 14.844 168 161 151 0.042184 0.999046 0.011318
-1.759 -0.669 14.951 137 137 125 0.044239 0.998978 0.009259
-1.746 -0.669 14.971 157 145 149 0.048644 0.998751 0.011385
-1.754 -0.669 14.971 162 155 149 0.042270 0.999016 0.013403
-1.763 -0.669 14.946 128 131 124 0.046577 0.998824 0.013456
-1.771 -0.667 14.866 164 160 151 0.027453 0.999507 0.015252
-1.762 -0.668 14.940 154 147 139 0.042099 0.999071 0.009241
-1.768 -0.668 14.931 184 165 159 0.027399 0.999562 0.011163
-1.750 -0.669 14.984 155 150 144 0.025370 0.999591 0.013193
-1.772 -0.667 14.818 162 159 152 0.000991 0.999889 0.014865
-1.776 -0.667 14.832 162 155 147 0.010987 0.999855 0.012985
-1.764 -0.668 14.941 146 146 134 0.021184 0.999690 0.013114
-1.771 -0.668 14.910 161 157 146 0.011009 0.999855 0.013011
-1.773 -0.667 14.897 175 162 153 0.029545 0.999447 0.015282
-1.746 -0.669 14.977 159 151 140 0.035798 0.999271 0.013296
-1.776 -0.666 14.813 158 160 149 0.050918 0.998611 0.013509
-1.750 -0.668 14.967 135 132 125 0.068472 0.997586 0.011588
-1.771 -0.667 14.861 162 151 147 0.064006 0.997856 0.013641
-1.773 -0.667 14.876 165 163 151 0.035798 0.999271 0.013296
-1.768 -0.668 14.901 161 158 153 0.052883 0.998557 0.009332
-1.746 -0.669 14.968 151 139 139 0.033755 0.999342 0.013297
-1.773 -0.667 14.884 174 164 155 0.040129 0.999105 0.013376
-1.776 -0.667 14.837 159 165 155 0.040129 0.999105 0.013376
-1.750 -0.668 14.964 154 146 143 0.033754 0.999312 0.015343
-1.780 -0.666 14.827 165 161 158 0.029545 0.999447 0.015282
-1.754 -0.669 14.954 149 138 136 0.052883 0.998557 0.009332
-1.763 -0.668 14.959 135 133 118 0.027398 0.999538 0.013192
-1.768 -0.668 14.920 175 167 165 0.023202 0.999690 0.009079
-1.764 -0.668 14.939 151 144 126 0.021227 0.999688 0.013140
-1.776 -0.666 14.819 148 144 135 0.025370 0.999591 0.013193
-1.764 -0.668 14.919 155 144 138 0.004984 0.999844 0.016947
-1.774 -0.666 14.815 160 155 152 0.015102 0.999739 0.017115
-1.767 -0.667 14.863 162 156 144 0.023295 0.999642 0.013167
-1.769 -0.667 14.889 163 161 162 0.031582 0.999413 0.013244
-1.776 -0.666 14.808 158 158 148 0.025370 0.999591 0.013193
-1.768 -0.667 14.898 164 159 155 0.002991 0.999852 0.016947
-1.769 -0.666 14.827 159 160 155 0.021184 0.999690 0.013114
-1.767 -0.667 14.887 161 157 156 0.007006 0.999831 0.017014
-1.759 -0.669 14.954 128 129 121 0.021184 0.999690 0.013114
-1.780 -0.666 14.814 171 160 154 0.017150 0.999738 0.015132
-1.763 -0.669 14.949 124 124 114 0.002985 0.999884 0.014924
-1.761 -0.668 14.947 138 136 123 0.004994 0.999843 0.016980
-1.767 -0.666 14.858 157 150 144 0.000991 0.999889 0.014865
-1.771 -0.667 14.853 169 158 152 0.008990 0.999847 0.014983
-1.773 -0.667 14.892 162 159 154 0.013037 0.999830 0.013037
-1.754 -0.669 14.960 128 121 115 0.019206 0.999701 0.015162
-1.750 -0.669 14.981 144 139 135 0.031645 0.999382 0.015312
-1.764 -0.668 14.952 144 138 124 0.035654 0.999322 0.009168
-1.759 -0.669 14.942 162 151 147 0.027398 0.999538 0.013192
-1.771 -0.667 14.858 170 156 153 0.029486 0.999478 0.013218
-1.772 -0.668 14.918 162 164 153 0.037842 0.999220 0.011250
-1.763 -0.668 14.932 160 157 142 0.039885 0.999162 0.009204
-1.754 -0.669 14.976 167 158 151 0.033687 0.999369 0.011229
-1.767 -0.667 14.871 163 160 153 0.023248 0.999643 0.013140
-1.767 -0.667 14.866 164 157 149 0.004955 0.999948 0.008919
-1.774 -0.666 14.827 160 151 146 0.011009 0.999855 0.013011
-1.763 -0.668 14.954 132 125 109 -0.002979 0.999885 0.014894
-1.750 -0.668 14.975 148 144 132 0.004984 0.999844 0.016947
-1.773 -0.667 14.906 163 154 145 0.002979 0.999885 0.014894
-1.768 -0.668 14.923 169 159 158 -0.013088 0.999731 0.019129
-1.773 -0.667 14.889 162 160 161 0.009008 0.999847 0.015013
-1.776 -0.667 14.839 162 165 158 0.004994 0.999843 0.016980
-1.776 -0.667 14.845 170 160 158 0.023294 0.999613 0.015192
-1.755 -0.669 14.963 126 122 111 0.042184 0.999046 0.011318
-1.757 -0.669 14.963 144 134 132 0.048643 0.998726 0.013454
-1.772 -0.667 14.823 160 151 146 0.019167 0.999702 0.015132
-1.754 -0.669 14.979 153 145 134 0.046576 0.998794 0.015525
-1.776 -0.666 14.821 155 152 145 0.027509 0.999505 0.015283
-1.772 -0.668 14.915 160 162 151 0.021269 0.999658 0.015192
-1.780 -0.666 14.809 169 159 149 0.021226 0.999660 0.015162
-1.771 -0.667 14.840 169 164 158 0.011031 0.999794 0.017048
-1.750 -0.669 14.959 157 158 152 0.013037 0.999802 0.015042
-1.776 -0.666 14.824 157 154 149 0.017115 0.999739 0.015102
-1.767 -0.666 14.849 168 151 141 0.029486 0.999478 0.013218
-1.767 -0.667 14.879 163 157 145 0.015043 0.999826 0.011031
-1.759 -0.669 14.959 123 125 112 0.000993 0.999889 0.014894
-1.771 -0.667 14.832 149 155 145 0.009025 0.999814 0.017048
-1.767 -0.667 14.876 161 157 145 0.004984 0.999844 0.016947
-1.768 -0.668 14.907 162 153 154 0.015102 0.999739 0.017115
-1.771 -0.667 14.827 157 153 150 0.013011 0.999831 0.013011
-1.767 -0.666 14.844 165 156 151 0.021184 0.999690 0.013114
-1.772 -0.667 14.836 157 168 154 0.019167 0.999730 0.013115
-1.750 -0.668 14.972 144 142 127 0.025370 0.999562 0.015222
-1.754 -0.670 14.999 158 158 148 0.015102 0.999772 0.015102
-1.756 -0.669 15.004 162 161 156 0.002985 0.999852 0.016913
-1.754 -0.670 14.991 157 151 139 0.017115 0.999739 0.015102
-1.750 -0.669 14.990 153 146 130 0.037919 0.999217 0.011273
-1.754 -0.670 14.993 158 155 136 0.042098 0.999050 0.011294
