-1.831 -0.669 14.234 117 114 83 -0.002950 0.999984 -0.004916
-1.754 -0.668 14.247 114 124 97 -0.002973 0.999936 -0.010901
-1.735 -0.668 14.241 111 101 109 -0.006992 0.999863 -0.014983
-1.771 -0.668 14.246 122 119 114 -0.006992 0.999863 -0.014983
-1.737 -0.668 14.243 125 116 119 -0.006924 0.999952 -0.006924
-1.846 -0.667 14.231 132 118 109 -0.002944 0.999991 -0.002944
-1.842 -0.667 14.232 125 112 93 -0.000987 0.999960 -0.008884
-1.817 -0.668 14.228 137 133 121 -0.002967 0.999956 -0.008902
-1.781 -0.667 14.233 164 157 151 -0.003002 0.999731 -0.023017
-1.759 -0.667 14.246 124 120 111 -0.002967 0.999936 -0.010880
-1.871 -0.668 14.231 159 152 142 0.002944 0.999995 -0.000981
-1.773 -0.667 14.238 150 146 145 -0.004984 0.999844 -0.016947
-1.855 -0.668 14.233 105 105 99 -0.000978 0.999999 -0.000978
-1.763 -0.667 14.243 145 127 123 -0.008902 0.999956 -0.002967
-1.767 -0.667 14.238 159 156 149 -0.006883 0.999976 -0.000983
-1.785 -0.668 14.238 137 126 124 -0.006951 0.999936 -0.008937
-2.012 -0.667 14.224 150 151 143 0.004936 0.999976 -0.004936
-1.777 -0.668 14.242 133 128 109 -0.004945 0.999948 -0.008902
-1.784 -0.667 14.234 144 144 134 -0.000997 0.999820 -0.018940
-1.884 -0.668 14.233 139 134 128 0.000979 0.999999 -0.000979
-1.736 -0.667 14.234 120 111 102 0.000995 0.999821 -0.018902
-1.869 -0.668 14.233 145 143 131 -0.000983 0.999976 -0.006883
-1.755 -0.667 14.251 112 104 85 -0.002979 0.999885 -0.014894
-1.894 -0.668 14.240 153 155 131 0.002944 0.999991 -0.002944
-1.870 -0.668 14.238 121 114 104 0.000979 0.999995 -0.002938
-1.843 -0.669 14.238 143 137 125 0.000983 0.999976 -0.006883
-1.906 -0.667 14.232 153 151 139 0.000981 0.999995 -0.002944
-1.950 -0.668 14.232 143 134 119 0.004955 0.999928 -0.010901
-1.838 -0.667 14.232 77 84 66 -0.002944 0.999991 -0.002944
-1.777 -0.668 14.233 167 162 143 -0.002991 0.999852 -0.016947
-1.825 -0.668 14.234 141 141 131 -0.004965 0.999904 -0.012908
-1.910 -0.667 14.233 156 150 136 0.002950 0.999991 -0.002950
-1.932 -0.668 14.233 159 162 153 0.006937 0.999952 -0.006937
-1.728 -0.667 14.234 92 89 84 -0.003008 0.999681 -0.025067
-1.759 -0.667 14.251 110 118 105 -0.000983 0.999976 -0.006883
-1.923 -0.667 14.237 141 136 130 0.004955 0.999948 -0.008919
-1.742 -0.669 14.247 122 115 96 -0.000997 0.999820 -0.018940
-2.000 -0.667 14.224 151 142 133 0.006910 0.999964 -0.004936
-1.849 -0.668 14.235 109 97 81 -0.002950 0.999984 -0.004916
-1.977 -0.667 14.228 154 145 146 0.006978 0.999892 -0.012960
-1.743 -0.667 14.238 128 127 109 -0.006951 0.999916 -0.010923
-1.862 -0.668 14.238 133 121 123 -0.002944 0.999991 -0.002944
-1.732 -0.667 14.233 96 64 51 -0.006978 0.999892 -0.012960
-1.879 -0.667 14.232 143 142 137 -0.000987 0.999960 -0.008884
-1.960 -0.668 14.233 144 142 127 0.007019 0.999754 -0.021058
-1.855 -0.669 14.237 120 119 95 -0.003002 0.999731 -0.023017
-1.892 -0.668 14.241 160 159 141 0.002950 0.999984 -0.004916
-1.879 -0.669 14.241 154 143 137 -0.002979 0.999885 -0.014894
-1.865 -0.668 14.233 124 121 114 -0.000985 0.999976 -0.006896
-1.887 -0.668 14.232 129 123 123 0.000979 0.999995 -0.002938
-1.792 -0.668 14.229 157 147 146 -0.006924 0.999952 -0.006924
-1.742 -0.669 14.243 122 112 111 -0.006910 0.999964 -0.004936
-1.889 -0.668 14.241 152 148 149 0.000979 0.999999 0.000979
-1.915 -0.669 14.238 126 118 107 0.000978 0.999999 -0.000978
-1.745 -0.667 14.238 130 122 109 -0.007033 0.999708 -0.023109
-1.789 -0.668 14.237 140 129 123 -0.002979 0.999885 -0.014894
-1.821 -0.668 14.233 145 144 126 -0.002985 0.999884 -0.014924
-2.007 -0.667 14.225 158 153 159 0.004955 0.999948 -0.008919
-1.879 -0.669 14.237 118 109 112 -0.000983 0.999976 -0.006883
-1.952 -0.668 14.229 148 148 136 0.006978 0.999892 -0.012960
-1.769 -0.668 14.251 148 138 136 -0.000987 0.999960 -0.008884
-1.860 -0.669 14.242 166 158 145 0.000985 0.999976 -0.006896
-1.906 -0.668 14.238 127 123 122 0.002979 0.999885 -0.014894
-1.830 -0.668 14.229 144 137 121 -0.000995 0.999856 -0.016913
-1.898 -0.668 14.237 124 112 88 0.000987 0.999960 -0.008884
-1.736 -0.667 14.237 129 109 102 -0.004975 0.999876 -0.014924
-1.745 -0.668 14.247 133 109 109 -0.006965 0.999916 -0.010944
-1.973 -0.668 14.232 145 142 133 0.009008 0.999847 -0.015013
-1.964 -0.667 14.232 132 129 124 0.004936 0.999976 -0.004936
-1.730 -0.667 14.229 118 116 101 -0.004994 0.999807 -0.018977
-1.870 -0.669 14.242 150 143 133 -0.000979 0.999995 -0.002938
-1.882 -0.668 14.238 128 124 115 0.000979 0.999999 -0.000979
-1.849 -0.668 14.230 131 148 138 0.000979 0.999999 0.000979
-1.744 -0.667 14.243 116 103 112 -0.005073 0.999426 -0.033483
-1.777 -0.669 14.247 140 130 121 -0.002973 0.999913 -0.012883
-1.982 -0.667 14.227 162 158 146 0.004936 0.999964 -0.006910
-1.861 -0.668 14.233 161 165 150 -0.000985 0.999976 -0.006896
-1.932 -0.668 14.237 153 150 143 0.002956 0.999972 -0.006896
-1.936 -0.668 14.233 149 147 148 0.001009 0.999511 0.031266
-1.750 -0.668 14.246 111 114 97 -0.004975 0.999876 -0.014924
-1.892 -0.667 14.232 136 125 121 0.000983 0.999976 -0.006883
-1.791 -0.668 14.234 132 112 121 -0.000987 0.999960 -0.008884
-1.856 -0.668 14.242 156 147 140 0.002944 0.999991 -0.002944
-1.901 -0.668 14.233 140 125 120 0.002950 0.999984 -0.004916
-1.949 -0.668 14.228 154 152 139 0.004936 0.999976 0.004936
-1.910 -0.667 14.236 142 138 129 0.000997 0.999780 0.020933
-1.749 -0.667 14.242 126 110 111 -0.011031 0.999826 -0.015043
-1.847 -0.668 14.238 126 130 115 -0.000979 0.999995 -0.002938
-1.781 -0.668 14.243 161 143 133 -0.006992 0.999863 -0.014983
-1.866 -0.668 14.238 128 116 116 0.000981 0.999995 -0.002944
-1.895 -0.668 14.233 127 112 115 0.000978 0.999999 -0.000978
-1.771 -0.668 14.243 129 123 101 -0.009097 0.999639 -0.025269
-1.874 -0.668 14.236 123 115 102 0.000983 0.999987 -0.004916
-1.739 -0.667 14.234 110 100 91 -0.000993 0.999889 -0.014894
-1.923 -0.667 14.233 157 160 153 0.002950 0.999991 -0.002950
-1.915 -0.668 14.234 148 148 138 0.002961 0.999956 -0.008884
-1.749 -0.667 14.238 137 128 133 -0.002973 0.999936 -0.010901
-1.789 -0.669 14.239 146 132 131 -0.004945 0.999948 -0.008902
-1.732 -0.667 14.237 87 60 69 -0.004965 0.999904 -0.012908
-1.994 -0.667 14.228 153 143 144 0.009133 0.999525 -0.029428
-1.852 -0.669 14.241 156 147 140 0.000981 0.999987 -0.004907
-1.996 -0.667 14.224 153 156 147 0.006951 0.999936 -0.008937
-1.960 -0.668 14.229 150 139 137 0.006951 0.999936 -0.008937
-1.987 -0.668 14.228 155 151 140 0.006951 0.999916 -0.010923
-1.973 -0.667 14.227 148 145 140 0.004926 0.999976 -0.004926
-1.788 -0.668 14.234 133 124 119 -0.006924 0.999952 -0.006924
-1.986 -0.668 14.224 161 160 142 0.009079 0.999690 -0.023202
-1.855 -0.669 14.230 158 147 141 -0.000979 0.999995 -0.002938
-1.874 -0.668 14.241 145 139 139 -0.000981 0.999995 -0.002944
-1.807 -0.668 14.229 126 124 101 -0.002991 0.999852 -0.016947
-1.977 -0.667 14.225 169 164 161 0.009007 0.999815 -0.017014
-1.954 -0.668 14.233 135 134 129 0.003008 0.999730 0.023063
-1.834 -0.667 14.230 128 125 122 -0.000979 0.999999 -0.000979
-1.763 -0.667 14.247 86 84 71 -0.006924 0.999952 -0.006924
-1.891 -0.669 14.237 136 134 113 0.000979 0.999999 -0.000979
-1.875 -0.668 14.233 149 141 139 0.000979 0.999999 0.000979
-1.859 -0.670 14.241 125 119 107 0.000978 0.999999 0.000978
-1.919 -0.668 14.232 148 151 142 0.001032 0.998267 0.058843
-2.005 -0.667 14.223 162 156 158 0.004926 0.999976 -0.004926
-1.795 -0.668 14.234 124 124 114 -0.006924 0.999952 -0.006924
-1.895 -0.668 14.235 126 112 103 0.000979 0.999999 0.000979
-1.741 -0.668 14.241 120 104 115 -0.004984 0.999844 -0.016947
-1.819 -0.668 14.229 135 130 110 -0.004955 0.999928 -0.010901
-2.003 -0.667 14.224 146 143 126 0.009043 0.999777 -0.019091
-1.884 -0.669 14.242 160 152 139 0.002944 0.999991 -0.002944
-1.991 -0.668 14.229 155 139 139 0.009061 0.999735 -0.021142
-1.846 -0.667 14.233 111 94 84 -0.000981 0.999987 -0.004907
-1.897 -0.668 14.233 126 122 110 0.000987 0.999960 -0.008884
-1.839 -0.668 14.229 156 147 142 -0.000981 0.999987 -0.004907
-1.739 -0.667 14.238 138 133 129 -0.005063 0.999429 -0.033416
-1.754 -0.668 14.243 104 116 92 -0.001003 0.999633 -0.027071
-1.860 -0.670 14.237 118 114 111 -0.000997 0.999780 -0.020933
-1.826 -0.667 14.228 139 136 121 -0.000987 0.999941 -0.010858
-1.925 -0.668 14.236 140 135 129 0.004945 0.999948 -0.008902
-1.941 -0.668 14.232 147 137 135 0.002956 0.999984 -0.004926
-1.852 -0.668 14.239 133 136 117 -0.000983 0.999987 -0.004916
-1.902 -0.668 14.237 124 119 115 0.000983 0.999976 -0.006883
-1.843 -0.668 14.229 158 147 151 -0.000981 0.999987 -0.004907
-1.763 -0.667 14.251 136 127 118 -0.000995 0.999856 -0.016913
-1.919 -0.668 14.236 141 130 138 0.002967 0.999956 -0.008902
-1.767 -0.667 14.251 132 129 122 -0.004955 0.999948 -0.008919
-1.945 -0.668 14.233 156 146 145 0.004926 0.999976 -0.004926
-1.853 -0.668 14.234 92 95 86 -0.002944 0.999995 -0.000981
-1.781 -0.668 14.237 152 139 133 -0.004945 0.999948 -0.008902
-1.769 -0.668 14.247 123 114 115 -0.002973 0.999913 -0.012883
-1.823 -0.668 14.230 129 131 107 -0.004945 0.999964 -0.006924
-1.777 -0.668 14.239 156 147 152 -0.006965 0.999916 -0.010944
-1.767 -0.667 14.243 138 134 123 -0.014865 0.999889 -0.000991
-1.898 -0.668 14.241 152 144 131 0.000979 0.999999 -0.000979
-1.969 -0.668 14.229 151 147 136 0.004926 0.999976 -0.004926
-1.869 -0.668 14.235 114 107 97 -0.000978 0.999999 0.000978
-1.798 -0.668 14.229 143 140 131 -0.004945 0.999948 -0.008902
-1.964 -0.667 14.228 151 151 143 0.004945 0.999948 -0.008902
-1.802 -0.667 14.229 140 135 129 -0.009079 0.999690 -0.023202
-1.812 -0.668 14.228 127 108 102 -0.004975 0.999876 -0.014924
-1.866 -0.669 14.241 148 140 137 0.000979 0.999995 -0.002938
-1.839 -0.668 14.237 150 134 137 -0.000983 0.999987 -0.004916
-1.978 -0.667 14.227 163 154 159 0.006951 0.999916 -0.010923
-1.925 -0.668 14.232 146 148 145 -0.003097 0.998382 0.056785
-1.769 -0.668 14.237 152 146 132 -0.003002 0.999731 -0.023017
-1.927 -0.668 14.237 143 139 128 0.004965 0.999928 -0.010923
-1.759 -0.667 14.242 143 143 119 -0.004984 0.999844 -0.016947
-1.945 -0.667 14.229 146 140 126 0.004936 0.999976 -0.004936
-1.954 -0.668 14.228 134 137 118 0.006992 0.999863 -0.014983
-1.928 -0.668 14.232 166 165 161 0.004955 0.999948 -0.008919
-1.887 -0.668 14.236 125 119 107 0.000987 0.999941 -0.010858
-1.767 -0.667 14.242 137 137 125 -0.004984 0.999844 -0.016947
-1.835 -0.668 14.234 127 124 107 0.000981 0.999987 -0.004907
-1.767 -0.667 14.247 106 89 99 -0.000993 0.999889 -0.014894
-2.066 -0.667 14.202 119 130 124 0.006951 0.999936 -0.008937
-2.063 -0.667 14.203 126 138 128 0.004945 0.999948 -0.008902
-2.059 -0.667 14.208 154 152 139 0.004975 0.999904 -0.012934
-2.060 -0.666 14.202 141 158 142 0.004936 0.999964 -0.006910
-2.066 -0.666 14.206 120 119 114 0.004936 0.999964 -0.006910
-2.071 -0.667 14.206 143 140 133 0.004926 0.999984 -0.002956
-2.060 -0.666 14.205 140 151 135 0.006978 0.999892 -0.012960
-2.079 -0.667 14.206 171 160 166 0.006978 0.999892 -0.012960
-2.066 -0.667 14.210 138 137 117 0.008990 0.999847 -0.014983
-2.044 -0.667 14.211 165 167 154 0.007006 0.999795 -0.019015
-2.063 -0.667 14.206 124 132 117 0.007019 0.999754 -0.021058
-2.054 -0.667 14.211 150 143 135 0.006978 0.999864 -0.014953
-2.048 -0.667 14.212 150 147 132 0.006992 0.999831 -0.016980
-2.056 -0.667 14.210 141 144 133 0.006992 0.999831 -0.016980
-2.054 -0.667 14.207 150 156 144 0.004965 0.999928 -0.010923
-2.049 -0.667 14.206 165 166 148 0.004965 0.999928 -0.010923
-2.044 -0.667 14.215 147 143 132 0.006978 0.999892 -0.012960
-2.076 -0.667 14.206 151 146 140 0.006978 0.999892 -0.012960
-2.036 -0.667 14.215 164 151 140 0.004916 0.999987 -0.000983
-2.059 -0.667 14.210 144 146 132 0.004936 0.999976 -0.004936
-2.039 -0.668 14.214 158 154 143 0.004916 0.999984 -0.002950
-2.034 -0.668 14.219 152 141 135 0.004916 0.999987 -0.000983
-2.061 -0.667 14.211 140 133 123 0.006924 0.999952 -0.006924
-2.056 -0.667 14.206 152 156 142 0.004916 0.999984 -0.002950
-1.795 -0.668 14.225 172 162 152 -0.004936 0.999976 -0.004936
-2.026 -0.667 14.218 157 159 156 0.004936 0.999976 0.004936
-1.788 -0.668 14.228 157 160 153 -0.002961 0.999956 -0.008884
-2.029 -0.667 14.220 142 148 134 0.004916 0.999987 0.000983
-1.794 -0.668 14.228 161 147 146 -0.004945 0.999948 -0.008902
-1.819 -0.668 14.224 163 148 143 -0.002991 0.999852 -0.016947
-1.806 -0.668 14.221 158 151 145 -0.002979 0.999885 -0.014894
-1.812 -0.668 14.221 158 158 146 -0.004965 0.999928 -0.010923
-2.031 -0.667 14.215 165 155 154 0.004975 0.999904 -0.012934
-1.798 -0.668 14.225 164 156 145 -0.000991 0.999889 -0.014865
-1.802 -0.667 14.224 168 153 158 -0.001001 0.999735 -0.023017
-2.021 -0.667 14.219 164 159 153 0.004926 0.999976 -0.004926
-1.821 -0.668 14.224 158 155 146 -0.002973 0.999936 -0.010901
-1.817 -0.668 14.225 140 133 127 -0.000999 0.999780 -0.020974
-1.812 -0.668 14.224 141 147 135 -0.002967 0.999936 -0.010880
-1.808 -0.667 14.225 145 142 125 -0.004965 0.999904 -0.012908
