-1.725 -0.671 15.382 125 124 106 -0.136821 -0.952431 -0.272313
-1.733 -0.668 15.381 131 122 123 -0.135418 -0.947926 -0.288266
-1.778 -0.670 15.398 125 129 115 -0.007986 -0.984614 -0.174561
-1.772 -0.670 15.398 143 133 124 -0.017267 -0.984217 -0.176123
-1.795 -0.672 15.408 144 133 129 -0.007910 -0.986455 -0.163844
-1.638 -0.674 15.364 139 125 114 -0.085757 -0.943325 -0.320599
-1.690 -0.671 15.367 139 125 116 -0.123691 -0.933801 -0.335733
-1.652 -0.673 15.358 138 134 109 -0.066727 -0.963135 -0.260613
-1.714 -0.671 15.377 130 122 103 -0.146668 -0.936208 -0.319380
-1.740 -0.669 15.394 114 116 103 -0.107478 -0.959533 -0.260278
-1.656 -0.675 15.365 129 122 96 -0.073848 -0.949658 -0.304461
-1.721 -0.667 15.371 127 130 109 -0.118662 -0.958427 -0.259493
-1.811 -0.670 15.399 138 136 123 -0.014898 -0.984396 -0.175335
-1.644 -0.672 15.355 134 136 125 -0.068125 -0.952468 -0.296923
-1.632 -0.674 15.365 129 131 110 -0.060047 -0.954358 -0.292567
-1.639 -0.671 15.353 141 147 133 -0.071214 -0.949085 -0.306866
-1.666 -0.674 15.364 129 126 111 -0.088009 -0.947083 -0.308689
-1.710 -0.672 15.381 122 114 103 -0.131644 -0.950762 -0.280574
-1.732 -0.671 15.386 136 128 117 -0.132577 -0.946790 -0.293277
-1.625 -0.674 15.362 150 129 126 -0.075630 -0.957551 -0.278164
-1.624 -0.670 15.352 143 140 125 -0.064851 -0.957508 -0.281022
-1.718 -0.667 15.368 126 119 109 -0.131031 -0.954276 -0.268680
-1.730 -0.671 15.384 132 125 106 -0.135578 -0.956941 -0.256676
-1.736 -0.669 15.385 150 129 128 -0.123128 -0.962989 -0.239775
-1.659 -0.672 15.358 148 137 135 -0.085544 -0.943615 -0.319802
-1.779 -0.673 15.415 116 110 96 -0.024518 -0.981869 -0.187968
-1.620 -0.671 15.357 142 128 117 -0.057841 -0.949885 -0.307202
-1.612 -0.670 15.353 138 129 112 -0.066061 -0.946870 -0.314760
-1.784 -0.672 15.409 127 130 113 -0.024245 -0.984795 -0.172022
-1.756 -0.671 15.401 122 104 80 -0.028500 -0.988375 -0.149339
-1.653 -0.672 15.354 152 137 114 -0.075313 -0.958649 -0.274447
-1.838 -0.671 15.403 152 146 134 -0.028991 -0.984533 -0.172786
-1.697 -0.671 15.373 118 119 77 -0.133147 -0.945478 -0.297227
-1.716 -0.673 15.384 125 118 110 -0.117210 -0.964730 -0.235708
-1.708 -0.670 15.373 129 125 122 -0.132345 -0.947804 -0.290090
-1.732 -0.667 15.372 128 114 105 -0.105576 -0.967994 -0.227688
-1.688 -0.674 15.378 104 112 99 -0.121209 -0.932904 -0.339114
-1.727 -0.670 15.381 126 126 98 -0.117869 -0.962381 -0.244805
-1.760 -0.669 15.395 121 105 92 -0.047042 -0.975811 -0.213496
-1.759 -0.672 15.406 125 106 89 -0.028871 -0.985063 -0.169759
-1.822 -0.670 15.401 148 153 133 -0.012279 -0.990141 -0.139535
-1.819 -0.669 15.397 148 150 137 -0.007895 -0.986876 -0.161284
-1.798 -0.671 15.403 141 134 124 -0.010044 -0.989855 -0.141727
-1.735 -0.668 15.380 146 114 125 -0.141144 -0.947681 -0.286321
-1.641 -0.673 15.359 129 133 119 -0.077624 -0.940702 -0.330233
-1.719 -0.672 15.382 133 119 108 -0.135827 -0.956066 -0.259786
-1.633 -0.672 15.358 146 138 119 -0.074582 -0.943392 -0.323187
-1.715 -0.667 15.367 139 126 117 -0.127340 -0.965980 -0.225095
-1.729 -0.673 15.388 119 122 93 -0.130554 -0.956079 -0.262427
-1.618 -0.673 15.362 128 115 107 -0.075181 -0.937787 -0.338975
-1.772 -0.670 15.401 133 125 114 -0.010173 -0.986797 -0.161640
-1.684 -0.670 15.362 120 113 97 -0.107901 -0.944468 -0.310382
-1.628 -0.671 15.354 139 141 119 -0.090076 -0.928996 -0.358961
-1.698 -0.673 15.378 106 103 68 -0.129259 -0.950120 -0.283837
-1.725 -0.673 15.386 130 119 115 -0.120498 -0.962691 -0.242292
-1.750 -0.671 15.402 120 109 79 -0.063999 -0.979306 -0.191997
-1.734 -0.671 15.388 138 129 124 -0.114813 -0.963651 -0.241235
-1.628 -0.672 15.359 135 138 117 -0.085262 -0.945752 -0.313502
-1.771 -0.670 15.404 130 125 106 -0.026502 -0.985194 -0.169384
-1.729 -0.668 15.377 124 125 117 -0.110458 -0.968727 -0.222185
-1.694 -0.671 15.368 123 119 81 -0.134410 -0.938157 -0.319055
-1.687 -0.669 15.363 131 122 115 -0.122781 -0.940420 -0.317071
-1.813 -0.672 15.407 131 125 113 -0.019686 -0.983137 -0.181805
-1.665 -0.671 15.357 122 126 103 -0.084978 -0.947834 -0.307229
-1.758 -0.672 15.410 114 99 76 -0.026963 -0.981204 -0.191083
-1.737 -0.671 15.391 151 130 127 -0.113565 -0.956816 -0.267595
-1.652 -0.675 15.364 143 136 118 -0.089236 -0.936316 -0.339631
-1.760 -0.669 15.398 136 118 108 -0.054571 -0.976221 -0.209797
-1.724 -0.669 15.376 124 130 102 -0.118742 -0.959073 -0.257058
-1.733 -0.673 15.393 140 132 111 -0.109375 -0.963790 -0.243199
-1.800 -0.670 15.398 156 138 126 -0.014904 -0.984789 -0.173112
-1.613 -0.670 15.350 149 137 125 -0.059799 -0.955515 -0.288817
-1.780 -0.673 15.412 120 105 98 -0.019605 -0.983699 -0.178750
-1.740 -0.668 15.389 135 133 118 -0.073744 -0.980428 -0.182546
-1.769 -0.671 15.410 128 110 106 -0.028762 -0.985955 -0.164518
-1.606 -0.669 15.345 139 134 112 -0.077996 -0.937277 -0.339747
-1.697 -0.669 15.366 121 119 94 -0.129697 -0.932452 -0.337212
-1.662 -0.673 15.363 140 133 123 -0.084004 -0.934707 -0.345348
-1.694 -0.669 15.363 109 108 77 -0.132284 -0.934173 -0.331393
-1.720 -0.670 15.375 132 123 116 -0.137805 -0.948578 -0.284975
-1.665 -0.675 15.368 131 128 113 -0.085897 -0.942229 -0.323767
-1.816 -0.671 15.402 128 126 113 -0.021436 -0.989449 -0.143284
-1.705 -0.669 15.368 133 129 117 -0.138049 -0.947579 -0.288161
-1.673 -0.670 15.361 115 113 92 -0.105002 -0.945022 -0.309691
-1.617 -0.670 15.350 152 143 126 -0.089317 -0.937161 -0.337271
-1.679 -0.672 15.371 113 108 89 -0.113064 -0.945744 -0.304607
-1.676 -0.674 15.373 104 96 85 -0.120312 -0.936812 -0.328493
-1.785 -0.672 15.407 120 121 115 -0.017036 -0.986948 -0.160138
-1.680 -0.668 15.359 117 112 83 -0.100188 -0.956342 -0.274542
-1.753 -0.669 15.397 121 106 73 -0.078385 -0.971728 -0.222713
-1.694 -0.672 15.372 126 115 93 -0.120801 -0.949152 -0.290719
-1.737 -0.672 15.396 142 131 127 -0.122199 -0.955254 -0.269363
-1.724 -0.668 15.372 133 124 107 -0.137314 -0.950532 -0.278627
-1.814 -0.671 15.403 138 135 120 -0.009965 -0.990935 -0.133970
-1.714 -0.669 15.371 131 124 98 -0.140893 -0.948677 -0.283127
-1.773 -0.672 15.412 110 106 94 -0.003306 -0.990764 -0.135555
-1.648 -0.672 15.356 148 138 128 -0.072519 -0.960561 -0.268448
-1.676 -0.672 15.367 115 110 90 -0.102970 -0.940106 -0.324958
-1.699 -0.670 15.370 125 124 106 -0.147516 -0.930594 -0.335014
-1.656 -0.671 15.354 146 132 132 -0.080508 -0.941021 -0.328631
-1.775 -0.670 15.406 124 114 105 -0.021837 -0.984985 -0.171252
-1.754 -0.672 15.408 124 118 84 -0.038520 -0.984006 -0.173923
-1.805 -0.670 15.399 146 144 131 -0.022164 -0.981051 -0.192477
-1.619 -0.672 15.360 144 130 119 -0.083337 -0.940513 -0.329378
-1.640 -0.673 15.363 118 118 108 -0.085544 -0.943615 -0.319802
-1.790 -0.670 15.398 149 141 139 -0.014787 -0.986194 -0.164934
-1.757 -0.673 15.413 130 129 99 -0.031013 -0.986685 -0.159661
-1.684 -0.671 15.367 118 118 94 -0.112870 -0.946784 -0.301431
-1.758 -0.669 15.396 132 119 111 -0.033702 -0.984318 -0.173156
-1.721 -0.671 15.381 133 115 113 -0.133873 -0.953019 -0.271723
-1.803 -0.671 15.402 148 135 119 -0.010405 -0.981580 -0.190766
-1.623 -0.671 15.356 139 132 124 -0.080048 -0.943518 -0.321505
-1.734 -0.669 15.384 142 126 127 -0.128799 -0.952049 -0.277515
-1.637 -0.670 15.353 135 141 131 -0.082657 -0.945960 -0.313571
-1.679 -0.669 15.364 117 112 90 -0.122437 -0.923095 -0.364561
-1.777 -0.670 15.404 132 124 113 -0.019605 -0.983699 -0.178750
-1.799 -0.670 15.401 149 136 128 -0.014842 -0.985312 -0.170118
-1.697 -0.668 15.363 135 131 122 -0.127328 -0.944905 -0.301565
-1.703 -0.672 15.376 124 126 113 -0.137425 -0.937483 -0.319751
-1.728 -0.667 15.372 126 131 101 -0.142272 -0.941708 -0.304869
-1.703 -0.668 15.366 133 130 115 -0.131520 -0.939626 -0.315920
-1.765 -0.672 15.409 136 125 119 -0.005616 -0.987362 -0.158382
-1.791 -0.671 15.403 149 142 134 -0.001122 -0.986665 -0.162760
-1.747 -0.669 15.393 139 128 100 -0.078922 -0.968356 -0.236765
-1.745 -0.670 15.403 120 116 107 -0.072946 -0.973030 -0.218839
-1.769 -0.670 15.406 111 105 91 -0.007822 -0.988865 -0.148609
-1.712 -0.668 15.368 136 129 100 -0.131268 -0.953354 -0.271819
-1.782 -0.670 15.399 126 125 120 -0.007721 -0.991608 -0.129052
-1.788 -0.673 15.412 122 123 117 -0.010006 -0.990556 -0.136743
-1.747 -0.669 15.398 124 118 92 -0.097847 -0.967036 -0.235088
-1.644 -0.673 15.360 136 140 126 -0.073851 -0.967567 -0.241579
-1.786 -0.669 15.396 145 145 121 -0.036242 -0.983205 -0.178871
-1.824 -0.670 15.400 154 153 132 -0.019576 -0.984572 -0.173883
-1.648 -0.674 15.361 132 128 119 -0.085684 -0.942525 -0.322963
-1.814 -0.670 15.399 135 134 116 -0.024099 -0.985764 -0.166398
-1.801 -0.672 15.407 137 134 115 -0.019576 -0.984572 -0.173883
-1.609 -0.670 15.352 141 131 106 -0.060651 -0.948474 -0.310996
-1.750 -0.669 15.393 126 114 72 -0.040867 -0.984311 -0.171641
-1.781 -0.671 15.402 126 129 120 -0.003313 -0.990724 -0.135852
-1.703 -0.670 15.371 125 124 106 -0.127209 -0.946702 -0.295928
-1.745 -0.668 15.389 138 123 92 -0.070592 -0.982303 -0.173488
-1.764 -0.669 15.398 138 117 112 -0.014760 -0.986622 -0.162355
-1.701 -0.668 15.363 136 130 116 -0.137885 -0.935162 -0.326283
-1.739 -0.670 15.397 122 103 88 -0.063512 -0.981440 -0.180949
-1.661 -0.675 15.368 142 127 108 -0.110040 -0.930587 -0.349140
-1.669 -0.674 15.368 118 115 100 -0.113364 -0.927399 -0.356482
-1.673 -0.676 15.373 109 105 96 -0.120706 -0.934457 -0.334994
-1.742 -0.670 15.400 120 114 100 -0.064695 -0.975305 -0.211174
-1.783 -0.673 15.415 122 108 97 -0.005700 -0.983836 -0.178983
-1.787 -0.670 15.401 133 134 116 -0.008090 -0.981166 -0.192997
-1.631 -0.672 15.359 137 135 114 -0.085684 -0.942525 -0.322963
-1.749 -0.671 15.405 126 119 103 -0.070018 -0.974108 -0.214967
-1.688 -0.673 15.374 119 115 104 -0.117646 -0.937114 -0.328598
-1.756 -0.669 15.397 126 112 101 -0.027000 -0.980223 -0.196045
-1.828 -0.671 15.401 149 143 127 -0.022246 -0.979976 -0.197869
-1.656 -0.673 15.360 148 133 112 -0.084004 -0.934707 -0.345348
-1.810 -0.672 15.402 142 136 124 -0.003414 -0.984316 -0.176380
-1.673 -0.668 15.358 125 116 107 -0.101208 -0.932461 -0.346805
-1.832 -0.670 15.403 149 148 127 -0.007880 -0.987290 -0.158732
-1.762 -0.671 15.405 135 122 113 -0.014793 -0.986561 -0.162720
-1.790 -0.671 15.405 135 138 121 -0.019459 -0.985550 -0.168265
-1.779 -0.671 15.403 132 135 118 -0.033447 -0.986121 -0.162623
-1.834 -0.670 15.401 154 151 132 -0.019540 -0.985032 -0.171260
-1.695 -0.674 15.378 132 114 110 -0.125775 -0.951916 -0.279352
-1.706 -0.672 15.376 117 114 99 -0.111085 -0.966566 -0.231108
-1.773 -0.673 15.415 129 120 113 -0.029251 -0.981661 -0.188376
-1.780 -0.671 15.409 132 126 112 -0.022164 -0.981051 -0.192477
-1.609 -0.669 15.349 140 132 113 -0.071450 -0.947035 -0.313080
-1.794 -0.670 15.399 157 145 145 -0.017235 -0.984684 -0.173497
-1.759 -0.670 15.401 134 120 109 -0.007851 -0.988094 -0.153654
-1.671 -0.672 15.365 118 110 107 -0.091446 -0.942296 -0.322050
-1.685 -0.668 15.360 111 107 95 -0.138467 -0.916118 -0.376238
-1.616 -0.670 15.354 144 130 119 -0.070549 -0.955616 -0.286043
-1.711 -0.670 15.373 132 125 107 -0.124421 -0.957388 -0.260630
-1.765 -0.670 15.404 127 108 102 -0.019386 -0.986423 -0.163073
-1.676 -0.669 15.361 124 117 101 -0.107812 -0.943685 -0.312787
-1.732 -0.668 15.376 126 119 109 -0.136259 -0.943023 -0.303548
-1.593 -0.679 15.336 90 64 67 -0.091596 -0.941187 -0.325234
-1.591 -0.679 15.345 97 82 51 -0.062060 -0.958757 -0.277368
-1.591 -0.679 15.342 97 76 57 -0.063325 -0.947295 -0.314042
-1.593 -0.682 15.333 103 76 69 -0.079719 -0.947478 -0.309727
-1.593 -0.678 15.332 77 62 67 -0.064851 -0.957508 -0.281022
-1.588 -0.679 15.342 104 89 60 -0.067945 -0.955082 -0.288448
-1.597 -0.676 15.338 65 69 55 -0.070376 -0.955838 -0.285344
-1.599 -0.669 15.341 94 76 66 -0.073101 -0.955440 -0.285991
-1.609 -0.674 15.364 131 123 112 -0.079522 -0.947744 -0.308962
-1.600 -0.676 15.358 141 114 107 -0.073782 -0.951394 -0.299009
-1.596 -0.677 15.349 71 55 21 -0.068177 -0.953193 -0.294576
-1.598 -0.673 15.348 52 56 33 -0.096419 -0.924805 -0.368021
-1.604 -0.672 15.357 128 127 106 -0.079917 -0.944596 -0.318359
-1.612 -0.674 15.364 146 131 108 -0.063221 -0.948322 -0.310947
-1.596 -0.671 15.337 61 54 54 -0.054276 -0.958032 -0.281477
-1.612 -0.672 15.357 146 133 116 -0.051935 -0.956359 -0.287541
-1.602 -0.672 15.355 130 137 106 -0.062745 -0.953979 -0.293236
-1.600 -0.675 15.355 110 94 69 -0.066061 -0.946870 -0.314760
-1.599 -0.670 15.345 94 94 86 -0.070088 -0.934947 -0.347795
-1.603 -0.669 15.346 118 112 80 -0.068864 -0.947208 -0.313137
-1.609 -0.672 15.359 132 121 89 -0.078313 -0.935778 -0.343782
-1.602 -0.673 15.355 126 129 98 -0.066331 -0.945548 -0.318651
-1.596 -0.677 15.339 67 69 56 -0.065295 -0.953822 -0.293188
-1.598 -0.671 15.345 54 65 33 -0.063585 -0.945982 -0.317923
-1.597 -0.678 15.344 74 72 59 -0.070791 -0.953742 -0.292172
-1.597 -0.672 15.342 43 47 37 -0.075128 -0.939764 -0.333465
-1.599 -0.677 15.348 65 55 45 -0.089659 -0.932723 -0.349269
-1.603 -0.669 15.349 110 102 83 -0.083926 -0.933844 -0.347694
