-0.917 -0.672 14.265 147 143 132 0.048543 0.998756 0.011361
-0.930 -0.675 14.335 139 137 122 0.053100 0.998497 0.013535
-0.931 -0.673 14.299 158 149 142 0.010966 0.999900 0.008972
-0.935 -0.672 14.313 152 145 139 0.010923 0.999916 0.006951
-0.935 -0.673 14.318 140 131 122 0.035799 0.999296 0.011251
-0.934 -0.674 14.356 146 141 137 0.057255 0.998316 0.009369
-0.926 -0.674 14.347 157 148 139 0.012934 0.999904 0.004975
-0.926 -0.674 14.325 147 149 135 0.033619 0.999393 0.009169
-0.926 -0.673 14.299 154 147 139 0.023155 0.999691 0.009061
-0.924 -0.672 14.295 144 145 129 0.037842 0.999241 0.009205
-0.926 -0.674 14.312 156 154 142 0.027289 0.999586 0.009096
-0.935 -0.673 14.330 134 125 118 0.012960 0.999892 0.006978
-0.926 -0.673 14.295 172 153 147 0.037918 0.999192 0.013323
-0.913 -0.673 14.255 154 136 134 0.031519 0.999461 0.009151
-0.924 -0.672 14.292 152 139 146 0.039966 0.999159 0.009223
-0.935 -0.673 14.334 139 124 101 0.029428 0.999525 0.009133
-0.926 -0.674 14.339 142 140 141 0.006910 0.999964 0.004936
-0.935 -0.674 14.370 144 157 140 -0.002938 0.999995 0.000979
-0.918 -0.673 14.286 151 146 143 0.010923 0.999916 0.006951
-0.935 -0.674 14.361 146 131 128 -0.010880 0.999940 -0.000989
-0.918 -0.673 14.247 146 146 138 0.002956 0.999972 0.006896
-0.917 -0.672 14.278 143 142 138 0.023202 0.999690 0.009079
-0.913 -0.673 14.273 151 147 146 0.019129 0.999731 0.013088
-0.930 -0.674 14.330 154 153 132 0.029427 0.999505 0.011162
-0.935 -0.674 14.365 138 125 116 0.035654 0.999339 0.007131
-0.931 -0.672 14.220 128 124 113 0.031518 0.999441 0.011184
-0.927 -0.673 14.318 142 140 128 0.033754 0.999312 0.015343
-0.926 -0.672 14.247 152 159 143 0.037919 0.999217 0.011273
-0.925 -0.674 14.331 163 143 132 0.044059 0.999003 0.007172
-0.934 -0.673 14.352 137 151 126 0.057254 0.998294 0.011451
-0.908 -0.673 14.256 163 155 152 0.019053 0.999778 0.009025
-0.926 -0.674 14.321 146 143 134 0.050814 0.998643 0.011407
-0.935 -0.673 14.322 125 112 104 0.046576 0.998794 0.015525
-0.931 -0.674 14.352 137 130 112 0.044059 0.999003 0.007172
-0.926 -0.672 14.243 150 146 134 0.027399 0.999562 0.011163
-0.935 -0.673 14.382 127 137 126 0.023063 0.999730 -0.003008
-0.922 -0.672 14.291 145 148 141 0.057610 0.998216 0.015712
-0.921 -0.673 14.247 148 135 129 0.029427 0.999505 0.011162
-0.913 -0.673 14.265 147 141 127 0.027344 0.999584 0.009115
-0.921 -0.673 14.294 158 154 143 0.039965 0.999137 0.011272
-0.935 -0.673 14.338 144 126 122 0.033551 0.999412 0.007117
-0.926 -0.674 14.307 146 146 136 0.033551 0.999412 0.007117
-0.918 -0.673 14.273 160 141 134 0.014953 0.999864 0.006978
-0.930 -0.674 14.322 127 129 128 0.016980 0.999843 0.004994
-0.913 -0.673 14.251 136 139 128 0.025269 0.999639 0.009097
-0.935 -0.674 14.379 145 131 122 0.008919 0.999948 -0.004955
-0.926 -0.673 14.303 153 144 129 0.008955 0.999920 0.008955
-0.935 -0.673 14.348 149 147 148 0.025118 0.999680 0.003014
-0.921 -0.673 14.256 156 145 139 0.031456 0.999480 0.007103
-0.918 -0.672 14.256 152 149 144 0.012985 0.999855 0.010987
-0.930 -0.675 14.360 147 137 128 0.014924 0.999876 0.004975
-0.913 -0.673 14.268 152 143 136 0.004936 0.999976 0.004936
-0.918 -0.672 14.259 154 151 136 0.000983 0.999976 0.006883
-0.935 -0.673 14.326 152 143 134 0.002961 0.999972 0.006910
-0.921 -0.673 14.243 146 139 129 0.002967 0.999936 0.010880
-0.931 -0.674 14.326 144 138 122 0.044418 0.998893 0.015495
-0.931 -0.673 14.303 147 148 140 0.004945 0.999964 0.006924
-0.930 -0.673 14.314 132 128 116 0.031583 0.999438 0.011207
-0.920 -0.673 14.282 158 148 139 0.019053 0.999794 0.007020
-0.930 -0.674 14.366 136 125 123 0.084010 0.996419 0.009571
-0.922 -0.672 14.250 155 153 140 0.006937 0.999936 0.008919
-0.925 -0.672 14.286 149 148 128 0.010880 0.999936 0.002967
-0.917 -0.673 14.282 152 144 142 -0.014953 0.999876 0.004984
-0.926 -0.674 14.343 153 139 139 0.000981 0.999987 0.004907
-0.921 -0.673 14.287 158 154 153 0.019053 0.999778 0.009025
-0.931 -0.674 14.348 150 147 130 0.004916 0.999984 0.002950
-0.930 -0.674 14.343 144 142 121 0.008884 0.999956 0.002961
-0.926 -0.674 14.335 139 140 122 0.002950 0.999991 0.002950
-0.930 -0.673 14.309 143 135 122 0.062043 0.997949 0.015774
-0.926 -0.673 14.291 156 146 145 0.012934 0.999892 0.006964
-0.926 -0.672 14.238 125 120 114 0.037919 0.999217 0.011273
-0.930 -0.675 14.356 150 140 131 -0.002950 0.999991 -0.002950
-0.930 -0.674 14.316 132 133 115 0.037919 0.999217 0.011273
-0.930 -0.674 14.339 124 114 105 0.023155 0.999707 0.007047
-0.935 -0.674 14.375 144 140 131 0.097901 0.995149 0.009683
-0.917 -0.672 14.251 141 136 132 0.017014 0.999831 0.007006
-0.926 -0.674 14.351 158 135 129 0.010901 0.999936 0.002973
-0.913 -0.673 14.259 155 144 142 -0.002956 0.999972 0.006896
-0.935 -0.673 14.344 150 146 137 0.002944 0.999995 0.000981
-0.928 -0.672 14.237 148 140 127 0.015013 0.999847 0.009008
-0.921 -0.671 14.512 150 139 133 -0.033891 0.999273 -0.017459
-0.930 -0.671 14.494 162 163 155 -0.040292 0.999034 -0.017563
-0.930 -0.671 14.503 163 157 145 -0.082412 0.996432 -0.018195
-0.932 -0.672 14.489 152 144 142 -0.011097 0.999714 -0.021185
-0.932 -0.672 14.485 147 149 144 0.006992 0.999831 -0.016980
-0.932 -0.672 14.493 159 148 152 -0.021396 0.999496 -0.023434
-0.922 -0.670 14.515 155 145 135 -0.044599 0.998811 -0.019707
-0.929 -0.671 14.506 147 147 135 -0.051334 0.998391 -0.024095
-0.926 -0.671 14.511 154 147 137 -0.035942 0.999201 -0.017458
-0.926 -0.671 14.506 163 161 149 -0.038305 0.999030 -0.021741
-0.929 -0.671 14.498 157 157 145 -0.046959 0.998656 -0.021914
-0.948 -0.671 14.475 150 147 132 -0.042528 0.998901 -0.019708
-0.943 -0.672 14.489 158 157 152 -0.042527 0.998858 -0.021782
-0.944 -0.673 14.458 160 155 151 -0.068900 0.997461 -0.018020
-0.936 -0.671 14.506 163 154 145 -0.082415 0.996469 -0.016055
-0.940 -0.671 14.502 158 164 152 -0.051125 0.998496 -0.019824
-0.939 -0.671 14.493 158 160 149 -0.059822 0.998085 -0.015743
-0.935 -0.671 14.493 155 151 140 -0.033754 0.999312 -0.015343
-0.933 -0.671 14.498 142 142 132 -0.033754 0.999312 -0.015343
-0.944 -0.673 14.454 167 159 148 -0.015102 0.999772 -0.015102
-0.948 -0.673 14.455 156 154 141 -0.059943 0.998002 -0.019981
-0.939 -0.672 14.498 162 159 150 -0.052992 0.998530 -0.011430
-0.947 -0.672 14.463 166 164 152 -0.048843 0.998685 -0.015588
-0.935 -0.671 14.489 155 159 142 -0.036015 0.999160 -0.019551
-0.944 -0.673 14.436 157 157 147 -0.000997 0.999780 -0.020933
-0.943 -0.673 14.441 163 157 145 -0.004994 0.999843 -0.016980
-0.933 -0.672 14.494 152 149 140 -0.009043 0.999777 -0.019091
-0.939 -0.672 14.489 145 153 138 -0.019243 0.999630 -0.019243
-0.944 -0.673 14.462 161 152 143 -0.062297 0.997811 -0.022174
-0.948 -0.673 14.445 159 151 148 -0.017150 0.999738 -0.015132
-0.939 -0.672 14.481 161 157 148 -0.040129 0.999105 -0.013376
-0.944 -0.672 14.475 159 137 140 -0.040290 0.998995 -0.019629
-0.948 -0.673 14.449 171 157 146 -0.055633 0.998252 -0.019944
-0.935 -0.672 14.480 157 150 140 -0.042355 0.998948 -0.017562
-0.943 -0.672 14.481 152 149 142 -0.077501 0.996897 -0.013802
-0.935 -0.672 14.476 149 149 141 -0.048941 0.998606 -0.019785
-0.948 -0.672 14.472 160 154 142 -0.031645 0.999382 -0.015312
-0.940 -0.672 14.466 156 146 145 -0.062043 0.997949 -0.015774
-0.940 -0.672 14.458 155 152 133 -0.038382 0.998978 -0.023859
-0.940 -0.672 14.449 156 154 155 -0.029606 0.999444 -0.015313
-0.935 -0.672 14.472 154 147 141 -0.027509 0.999505 -0.015283
-0.943 -0.672 14.471 164 150 141 -0.013062 0.999769 -0.017081
-0.940 -0.672 14.462 156 150 136 -0.015192 0.999658 -0.021269
-0.943 -0.673 14.445 164 154 144 -0.027565 0.999469 -0.017355
-0.939 -0.672 14.485 140 144 129 -0.033823 0.999310 -0.015374
-0.944 -0.673 14.450 166 157 148 -0.039965 0.999137 -0.011272
-0.934 -0.671 14.503 160 156 144 -0.051127 0.998535 -0.017738
-0.940 -0.672 14.471 152 148 145 -0.027508 0.999471 -0.017320
-0.940 -0.672 14.454 161 150 144 0.000997 0.999780 -0.020933
-0.943 -0.672 14.485 153 144 139 -0.007019 0.999754 -0.021058
-0.948 -0.673 14.436 168 154 154 0.000997 0.999780 -0.020933
-0.938 -0.672 14.476 154 146 133 -0.029605 0.999411 -0.017354
-0.935 -0.670 14.506 157 155 143 -0.009043 0.999736 -0.021100
-0.935 -0.671 14.502 153 144 135 -0.019244 0.999667 -0.017218
-0.935 -0.671 14.485 162 156 144 -0.023294 0.999613 -0.015192
-0.935 -0.671 14.497 140 142 131 -0.033891 0.999273 -0.017459
-0.947 -0.672 14.458 169 156 148 -0.040456 0.998944 -0.021784
-0.948 -0.673 14.440 162 153 154 -0.038226 0.999034 -0.021696
-0.943 -0.673 14.467 159 151 138 -0.040292 0.999034 -0.017563
-0.948 -0.672 14.467 164 163 145 -0.021269 0.999626 -0.017217
-0.944 -0.671 14.494 170 162 159 -0.021396 0.999496 -0.023434
-0.939 -0.673 14.410 156 149 133 -0.019167 0.999730 -0.013115
-0.944 -0.673 14.431 157 147 146 -0.042356 0.998982 -0.015496
-0.944 -0.674 14.415 164 150 150 -0.004965 0.999904 -0.012908
-0.945 -0.673 14.418 167 154 148 -0.015102 0.999772 -0.015102
-0.948 -0.673 14.432 156 151 148 -0.015072 0.999773 -0.015072
-0.943 -0.673 14.418 161 154 146 -0.004994 0.999843 -0.016980
-0.942 -0.673 14.405 172 159 150 -0.014983 0.999847 -0.008990
-0.938 -0.674 14.397 162 159 144 0.041757 0.999123 -0.003055
-0.942 -0.674 14.401 158 151 135 -0.000987 0.999960 -0.008884
-0.947 -0.673 14.433 153 154 148 -0.037995 0.999159 -0.015403
-0.943 -0.674 14.410 165 154 148 -0.004945 0.999964 -0.006924
-0.944 -0.673 14.427 156 153 148 -0.029665 0.999409 -0.017390
-0.938 -0.674 14.401 163 154 149 -0.000987 0.999960 -0.008884
-0.943 -0.673 14.422 152 152 144 -0.005024 0.999720 -0.023109
-0.943 -0.674 14.414 163 149 149 0.015102 0.999772 -0.015102
-0.939 -0.673 14.405 164 155 148 0.025218 0.999641 -0.009078
-0.939 -0.673 14.370 147 142 146 0.020933 0.999780 0.000997
-0.939 -0.673 14.365 163 142 137 0.027126 0.999627 0.003014
-0.939 -0.673 14.353 153 146 138 0.004916 0.999987 0.000983
-0.939 -0.673 14.383 162 147 150 0.002956 0.999984 -0.004926
-0.939 -0.673 14.379 157 147 146 0.006896 0.999972 -0.002956
-0.939 -0.674 14.357 151 148 143 0.016913 0.999856 0.000995
-0.939 -0.673 14.391 169 149 150 -0.002956 0.999984 -0.004926
-0.939 -0.673 14.375 156 149 143 -0.004926 0.999976 -0.004926
-0.939 -0.673 14.330 148 153 133 0.014924 0.999876 0.004975
-0.939 -0.673 14.348 159 158 138 0.029368 0.999527 0.009114
-0.939 -0.673 14.360 145 134 128 0.012857 0.999917 -0.000989
