-1.829 -0.667 14.396 145 127 117 0.008937 0.999920 -0.008937
-1.795 -0.669 14.400 161 154 144 0.007033 0.999708 -0.023109
-1.741 -0.669 14.388 147 132 129 0.015132 0.999738 -0.017150
-1.876 -0.667 14.385 153 152 132 0.000999 0.999780 -0.020974
-1.874 -0.667 14.399 152 144 133 0.000999 0.999780 -0.020974
-1.926 -0.668 14.400 131 130 109 0.002985 0.999852 -0.016913
-1.749 -0.669 14.392 153 149 138 0.012960 0.999876 -0.008972
-1.813 -0.669 14.398 128 110 106 0.000981 0.999987 -0.004907
-1.803 -0.667 14.395 128 123 117 0.004916 0.999984 -0.002950
-1.776 -0.669 14.379 151 149 125 0.006965 0.999916 -0.010944
-1.897 -0.668 14.399 134 116 114 0.013088 0.999731 -0.019129
-1.896 -0.668 14.390 127 125 112 0.010987 0.999855 -0.012985
-1.918 -0.668 14.395 135 124 132 0.011009 0.999855 -0.013011
-1.878 -0.667 14.399 136 129 110 0.011228 0.999299 -0.035726
-1.764 -0.669 14.384 142 138 129 0.011009 0.999855 -0.013011
-1.729 -0.669 14.392 148 139 134 0.025320 0.999617 -0.011141
-1.790 -0.668 14.391 134 133 128 0.010923 0.999916 -0.006951
-1.861 -0.669 14.396 167 160 154 0.023481 0.999494 -0.021440
-1.920 -0.668 14.404 130 120 119 0.005033 0.999618 -0.027180
-1.722 -0.669 14.392 153 149 138 0.034647 0.998472 -0.043047
-1.809 -0.668 14.387 166 161 158 0.004955 0.999928 -0.010901
-1.813 -0.669 14.388 170 164 152 0.000991 0.999917 -0.012883
-1.816 -0.668 14.394 158 151 145 -0.002979 0.999885 -0.014894
-1.813 -0.669 14.392 167 164 149 -0.009061 0.999691 -0.023155
-1.855 -0.669 14.392 155 154 149 0.017528 0.999118 -0.038150
-1.851 -0.668 14.391 147 141 127 0.019669 0.998991 -0.040374
-1.777 -0.668 14.384 133 133 131 0.007061 0.999604 -0.027234
-1.781 -0.668 14.386 127 136 119 0.007061 0.999657 -0.025218
-1.838 -0.668 14.397 131 133 119 0.015556 0.998690 -0.048742
-1.849 -0.669 14.392 155 148 122 0.015252 0.999507 -0.027453
-1.736 -0.669 14.387 156 138 128 0.028064 0.998866 -0.038458
-1.715 -0.670 14.401 136 137 123 0.023435 0.999538 -0.019359
-1.710 -0.670 14.401 150 150 142 0.027842 0.999225 -0.027842
-1.868 -0.667 14.397 159 150 133 0.011053 0.999793 -0.017082
-1.822 -0.668 14.395 138 134 125 0.002991 0.999852 -0.016947
-1.826 -0.669 14.396 143 137 137 0.002979 0.999885 -0.014894
-1.873 -0.667 14.386 149 149 125 0.006992 0.999863 -0.014983
-1.853 -0.668 14.396 153 154 138 0.006965 0.999916 -0.010944
-1.789 -0.669 14.396 157 147 135 0.008972 0.999900 -0.010966
-1.884 -0.667 14.387 124 115 110 0.004994 0.999843 -0.016980
-1.803 -0.668 14.383 170 163 147 0.000997 0.999780 -0.020933
-1.754 -0.669 14.383 150 143 124 0.011097 0.999714 -0.021185
-1.755 -0.669 14.392 153 149 140 0.015344 0.999379 -0.031710
-1.809 -0.668 14.397 154 136 132 -0.005113 0.999108 -0.041928
-1.800 -0.669 14.401 156 149 143 0.000991 0.999889 -0.014865
-1.844 -0.668 14.396 152 149 134 0.009169 0.999393 -0.033619
-1.794 -0.669 14.384 168 162 148 0.004975 0.999904 -0.012934
-1.834 -0.668 14.395 147 131 131 0.008954 0.999900 -0.010944
-1.785 -0.668 14.392 148 150 128 0.004975 0.999876 -0.014924
-1.825 -0.669 14.392 162 152 140 0.006910 0.999972 -0.002961
-1.900 -0.667 14.391 124 116 97 0.010880 0.999936 -0.002967
-1.773 -0.668 14.387 136 125 121 0.008955 0.999920 -0.008955
-1.728 -0.669 14.388 154 145 136 0.021354 0.999585 -0.019321
-1.920 -0.668 14.400 134 125 126 -0.001013 0.999371 -0.035439
-1.907 -0.668 14.396 118 113 109 0.005024 0.999720 -0.023109
-1.892 -0.667 14.400 138 131 121 0.008954 0.999900 -0.010944
-1.781 -0.668 14.383 142 140 143 0.005043 0.999559 -0.029250
-1.794 -0.668 14.388 150 144 132 0.002991 0.999852 -0.016947
-1.798 -0.668 14.388 164 159 139 0.007006 0.999831 -0.017014
-1.742 -0.669 14.391 117 107 105 0.019243 0.999630 -0.019243
-1.803 -0.668 14.387 161 159 147 0.007047 0.999707 -0.023155
-1.785 -0.668 14.384 145 136 139 0.008902 0.999956 -0.002967
-1.897 -0.668 14.403 136 130 118 0.011251 0.999296 -0.035799
-1.842 -0.668 14.397 151 145 131 0.011053 0.999757 -0.019091
-1.798 -0.668 14.382 156 156 144 -0.003008 0.999730 -0.023063
-1.902 -0.668 14.395 132 121 117 0.005053 0.999496 -0.031329
-1.772 -0.669 14.379 136 137 131 0.013193 0.999591 -0.025370
-1.719 -0.669 14.392 160 156 147 0.025829 0.999085 -0.034095
-1.924 -0.667 14.403 147 144 135 0.006978 0.999892 -0.012960
-1.745 -0.669 14.387 153 146 138 0.021568 0.999324 -0.029785
-1.928 -0.667 14.400 144 136 125 0.006964 0.999892 -0.012934
-1.705 -0.670 14.397 135 127 116 0.030083 0.998961 -0.034232
-1.888 -0.667 14.399 139 129 119 0.001007 0.999513 -0.031203
-1.833 -0.667 14.391 151 156 133 0.009187 0.999319 -0.035726
-1.909 -0.668 14.399 133 129 126 0.005053 0.999496 -0.031329
-1.758 -0.669 14.384 135 128 122 0.009079 0.999690 -0.023202
-1.790 -0.668 14.387 128 125 116 0.009168 0.999322 -0.035654
-1.758 -0.669 14.387 117 114 71 0.009097 0.999639 -0.025269
-1.855 -0.669 14.396 167 161 145 0.017528 0.999118 -0.038150
-1.719 -0.669 14.396 143 144 136 0.021354 0.999585 -0.019321
-1.914 -0.668 14.394 119 103 88 0.005053 0.999558 -0.029310
-1.882 -0.667 14.392 117 107 98 0.006978 0.999864 -0.014953
-1.729 -0.670 14.397 116 111 92 0.021354 0.999585 -0.019321
-1.807 -0.669 14.400 126 128 125 0.000989 0.999917 -0.012857
-1.907 -0.668 14.400 108 103 97 0.014983 0.999847 -0.008990
-1.838 -0.668 14.392 159 155 146 0.015252 0.999507 -0.027453
-1.865 -0.668 14.392 147 147 139 0.013063 0.999801 -0.015072
-1.878 -0.667 14.391 125 118 100 0.004975 0.999904 -0.012934
-1.785 -0.669 14.378 161 148 131 0.007047 0.999658 -0.025168
-1.907 -0.668 14.404 149 141 130 0.009025 0.999778 -0.019053
-1.843 -0.669 14.391 139 133 121 0.017115 0.999739 -0.015102
-1.773 -0.668 14.383 153 146 140 0.003008 0.999730 -0.023063
-1.732 -0.669 14.392 127 118 113 0.029843 0.999223 -0.025727
-1.785 -0.668 14.387 143 133 124 0.006964 0.999892 -0.012934
-1.882 -0.667 14.396 143 137 123 0.013037 0.999830 -0.013037
-1.861 -0.669 14.388 130 135 129 0.015132 0.999702 -0.019167
-1.723 -0.670 14.397 139 135 124 0.023201 0.999669 -0.011096
-1.709 -0.670 14.392 165 158 142 0.023201 0.999669 -0.011096
-1.767 -0.668 14.388 144 146 130 0.015343 0.999312 -0.033754
-1.760 -0.669 14.389 124 125 91 0.008919 0.999936 -0.006937
-1.701 -0.669 14.396 144 127 135 0.025523 0.999486 -0.019398
-1.887 -0.667 14.391 113 104 97 0.009043 0.999736 -0.021100
-1.887 -0.667 14.386 124 121 116 0.003014 0.999627 -0.027126
-1.817 -0.668 14.392 162 152 143 0.003008 0.999681 -0.025067
-1.906 -0.667 14.391 109 108 88 0.005023 0.999672 -0.025117
-1.878 -0.667 14.387 123 121 108 0.008867 0.999960 0.000985
-1.874 -0.667 14.395 144 144 132 0.000999 0.999736 -0.022971
-1.901 -0.668 14.400 92 97 77 0.013011 0.999831 -0.013011
-1.731 -0.669 14.393 135 125 123 0.039162 0.998097 -0.047629
-1.795 -0.669 14.396 153 147 135 0.006937 0.999952 -0.006937
-1.829 -0.668 14.392 155 146 149 0.006992 0.999863 -0.014983
-1.795 -0.669 14.378 160 157 140 0.008902 0.999956 -0.002967
-1.817 -0.669 14.401 152 141 137 0.002979 0.999885 -0.014894
-1.719 -0.669 14.388 162 158 155 0.023155 0.999691 -0.009061
-1.754 -0.669 14.387 117 116 98 0.013037 0.999830 -0.013037
-1.706 -0.671 14.401 157 146 140 0.031773 0.999305 -0.019474
-1.798 -0.668 14.396 131 134 115 -0.000991 0.999889 -0.014865
-1.892 -0.667 14.392 115 104 108 0.004984 0.999876 -0.014953
-1.764 -0.669 14.387 133 126 110 0.011053 0.999757 -0.019091
-1.749 -0.669 14.388 134 124 125 0.013115 0.999730 -0.019167
-1.902 -0.667 14.390 119 114 85 0.010987 0.999855 -0.012985
-1.706 -0.671 14.391 159 160 146 0.031710 0.999379 -0.015344
-1.788 -0.668 14.392 138 133 129 0.013062 0.999769 -0.017081
-1.746 -0.669 14.392 137 137 127 0.025727 0.999223 -0.029843
-1.781 -0.669 14.379 163 161 146 0.009187 0.999319 -0.035726
-1.727 -0.669 14.395 131 126 107 0.027954 0.999094 -0.032095
-1.791 -0.668 14.383 165 149 149 0.013037 0.999802 -0.015042
-1.928 -0.667 14.404 150 140 128 0.008937 0.999936 -0.006951
-1.804 -0.668 14.392 156 152 143 -0.000997 0.999780 -0.020933
-1.737 -0.669 14.396 130 134 117 0.030267 0.998796 -0.038616
-1.865 -0.668 14.396 159 151 140 0.017082 0.999793 -0.011053
-1.870 -0.668 14.390 142 129 110 0.011009 0.999827 -0.015012
-1.869 -0.668 14.392 145 137 126 0.013140 0.999688 -0.021227
-1.701 -0.670 14.401 161 149 151 0.023668 0.999211 -0.031901
-1.702 -0.670 14.405 162 161 156 0.019321 0.999585 -0.021354
-1.803 -0.668 14.399 142 144 130 -0.001003 0.999633 -0.027071
-1.874 -0.667 14.391 130 126 117 0.007061 0.999657 -0.025218
-1.909 -0.668 14.395 124 118 104 0.003014 0.999680 -0.025118
-1.871 -0.668 14.395 152 146 134 0.009114 0.999527 -0.029368
-1.870 -0.667 14.387 113 96 78 0.011074 0.999715 -0.021142
-1.785 -0.669 14.380 168 159 144 0.000997 0.999820 -0.018940
-1.817 -0.668 14.396 142 133 134 0.002973 0.999913 -0.012883
-1.808 -0.669 14.392 169 157 145 -0.000999 0.999780 -0.020974
-1.767 -0.668 14.383 119 115 116 0.011074 0.999715 -0.021142
-1.811 -0.669 14.401 128 113 108 -0.002985 0.999852 -0.016913
-1.715 -0.670 14.391 171 156 151 0.032031 0.999153 -0.025831
-1.720 -0.670 14.401 133 132 127 0.023621 0.999277 -0.029783
-1.849 -0.669 14.396 159 165 155 0.019282 0.999628 -0.019282
-1.738 -0.669 14.392 115 114 110 0.021354 0.999585 -0.019321
-1.733 -0.669 14.395 127 118 113 0.023480 0.999448 -0.023480
-1.734 -0.669 14.388 143 144 126 0.017149 0.999706 -0.017149
-1.798 -0.668 14.392 120 123 112 0.002996 0.999815 -0.018978
-1.855 -0.669 14.388 146 150 135 0.013088 0.999731 -0.019129
-1.914 -0.668 14.405 159 146 137 0.003020 0.999626 -0.027180
-1.874 -0.667 14.384 160 162 141 -0.003026 0.999568 -0.029251
-1.861 -0.669 14.392 153 150 141 0.007144 0.999182 -0.039804
-1.787 -0.669 14.383 164 154 153 0.005024 0.999720 -0.023109
-1.709 -0.669 14.396 132 122 113 0.031901 0.999211 -0.023668
-1.872 -0.668 14.389 123 113 103 0.015072 0.999801 -0.013063
-1.865 -0.668 14.387 150 146 134 0.009043 0.999777 -0.019091
-1.924 -0.667 14.399 123 131 107 0.009096 0.999586 -0.027289
-1.882 -0.667 14.400 143 138 118 0.005004 0.999767 -0.021016
-1.909 -0.668 14.404 130 136 124 0.007019 0.999754 -0.021058
-1.789 -0.669 14.378 168 151 161 0.005103 0.999111 -0.041842
-1.794 -0.668 14.391 161 162 164 0.003062 0.999120 -0.041843
-1.715 -0.669 14.396 145 141 130 0.027785 0.999228 -0.027785
-1.892 -0.667 14.396 133 129 117 -0.023481 -0.999494 -0.021440
-1.703 -0.670 14.395 140 127 119 0.033823 0.999310 -0.015374
-1.915 -0.668 14.399 147 143 132 0.006964 0.999892 -0.012934
-1.813 -0.669 14.396 158 144 143 -0.000993 0.999857 -0.016879
-1.896 -0.668 14.395 130 121 126 0.004975 0.999904 -0.012934
-1.813 -0.669 14.400 138 119 112 -0.008990 0.999847 -0.014983
-1.878 -0.667 14.395 135 118 108 -0.001001 0.999735 -0.023017
-1.888 -0.667 14.395 136 132 120 -0.000997 0.999780 -0.020933
-1.667 -0.671 14.392 139 131 128 0.021568 0.999324 -0.029785
-1.667 -0.671 14.378 140 137 132 0.011272 0.999137 -0.039965
-1.648 -0.672 14.375 179 155 156 0.021524 0.999326 -0.029724
-1.653 -0.671 14.378 160 155 136 0.015344 0.999379 -0.031710
-1.679 -0.671 14.392 146 140 140 0.021226 0.999660 -0.015162
-1.651 -0.672 14.373 162 153 138 0.013323 0.999192 -0.037918
-1.675 -0.671 14.401 153 145 142 0.013482 0.998720 -0.048743
-1.675 -0.671 14.391 137 136 124 0.015313 0.999444 -0.029606
-1.666 -0.671 14.383 133 128 122 0.017252 0.999624 -0.021312
-1.670 -0.671 14.387 138 142 127 0.017115 0.999739 -0.015102
-1.670 -0.671 14.391 145 138 122 0.023248 0.999668 -0.011119
-1.661 -0.671 14.388 115 116 118 0.015132 0.999702 -0.019167
-1.670 -0.671 14.384 129 118 114 0.019091 0.999757 -0.011053
-1.678 -0.671 14.395 155 145 136 0.023248 0.999643 -0.013140
-1.665 -0.671 14.392 137 132 128 0.019015 0.999795 -0.007006
-1.656 -0.671 14.382 134 135 117 0.019282 0.999628 -0.019282
-1.661 -0.671 14.378 130 127 124 0.021100 0.999753 -0.007033
-1.665 -0.671 14.378 147 140 134 0.013219 0.999536 -0.027454
-1.675 -0.671 14.387 142 131 125 0.021227 0.999688 -0.013140
-1.665 -0.671 14.397 120 118 95 0.017287 0.999577 -0.023388
-1.670 -0.671 14.396 143 129 116 0.019091 0.999777 -0.009043
-1.661 -0.671 14.392 129 131 110 0.019015 0.999795 -0.007006
-1.665 -0.671 14.388 124 123 131 0.011119 0.999668 -0.023248
-1.661 -0.671 14.382 121 123 109 0.011295 0.999134 -0.040048
-1.667 -0.671 14.398 117 114 95 0.017115 0.999739 -0.015102
-1.675 -0.671 14.397 159 137 134 0.015192 0.999658 -0.021269
-1.656 -0.672 14.379 136 135 115 0.015343 0.999312 -0.033754
-1.657 -0.672 14.375 149 142 135 0.015374 0.999310 -0.033823
-1.631 -0.672 14.370 172 162 161 0.013245 0.999476 -0.029546
-1.636 -0.672 14.379 160 157 138 0.013270 0.999344 -0.033686
-1.640 -0.673 14.374 158 155 150 0.015403 0.999159 -0.037995
-1.636 -0.672 14.375 150 150 142 0.011497 0.998158 -0.059576
-1.634 -0.673 14.370 169 165 162 0.011361 0.998756 -0.048543
-1.640 -0.673 14.369 162 157 154 0.013270 0.999344 -0.033686
-1.636 -0.672 14.369 156 155 150 0.005153 0.998711 -0.050502
-1.634 -0.672 14.374 155 152 145 0.009277 0.998783 -0.048445
-1.643 -0.672 14.370 161 154 144 0.017150 0.999738 -0.015132
-1.643 -0.672 14.374 161 160 155 0.019167 0.999730 -0.013115
-1.644 -0.672 14.382 139 134 115 0.017287 0.999577 -0.023388
-1.653 -0.671 14.382 153 146 138 0.023295 0.999642 -0.013167
-1.644 -0.672 14.379 150 147 138 0.023341 0.999612 -0.015223
-1.648 -0.671 14.383 151 141 149 0.027563 0.999432 -0.019397
-1.656 -0.671 14.388 127 112 117 0.013297 0.999342 -0.033755
-1.651 -0.672 14.387 132 133 125 0.015192 0.999658 -0.021269
-1.639 -0.672 14.379 159 151 140 0.017389 0.999346 -0.031709
-1.648 -0.672 14.379 161 153 150 0.017390 0.999409 -0.029665
-1.648 -0.672 14.387 133 129 117 0.019320 0.999540 -0.023387
-1.698 -0.671 14.401 149 136 127 0.027453 0.999507 -0.015252
-1.884 -0.668 14.405 136 139 118 0.011075 0.999756 -0.019129
-1.687 -0.671 14.406 154 144 143 0.019552 0.999232 -0.033959
-1.691 -0.671 14.404 139 140 144 0.029545 0.999447 -0.015282
-1.697 -0.671 14.406 153 149 140 0.027729 0.999286 -0.025675
-1.911 -0.667 14.409 143 139 138 0.011074 0.999715 -0.021142
-1.888 -0.667 14.404 143 132 126 0.000999 0.999736 -0.022971
-1.679 -0.671 14.404 155 157 152 0.017217 0.999626 -0.021269
-1.932 -0.667 14.404 165 161 152 0.002973 0.999936 -0.010901
-1.687 -0.671 14.402 139 128 134 0.017218 0.999667 -0.019244
-1.870 -0.667 14.400 152 150 135 0.012985 0.999855 -0.010987
-1.874 -0.667 14.403 149 144 140 0.012960 0.999892 -0.006978
-1.916 -0.667 14.408 160 144 144 0.002973 0.999913 -0.012883
-1.687 -0.671 14.410 148 146 147 0.015374 0.999310 -0.033823
-1.897 -0.669 14.408 141 139 127 0.005004 0.999807 -0.019015
-1.693 -0.671 14.401 132 138 110 0.025421 0.999560 -0.015253
-1.679 -0.671 14.400 144 143 141 0.033618 0.999372 -0.011206
-1.696 -0.670 14.401 148 143 114 0.031582 0.999413 -0.013244
-1.684 -0.670 14.401 147 148 142 0.031645 0.999382 -0.015312
-1.684 -0.670 14.397 146 149 142 0.023575 0.999394 -0.025625
-1.879 -0.668 14.404 144 134 133 0.021100 0.999736 -0.009043
-1.892 -0.667 14.405 140 131 116 0.010944 0.999900 -0.008954
-1.696 -0.670 14.404 154 149 127 0.023341 0.999612 -0.015223
-1.901 -0.668 14.408 140 137 130 0.010987 0.999855 -0.012985
-1.866 -0.668 14.400 143 139 136 0.019167 0.999702 -0.015132
-1.684 -0.670 14.405 152 156 157 0.025168 0.999671 -0.005034
-1.907 -0.668 14.408 151 150 130 0.008990 0.999847 -0.014983
-1.901 -0.668 14.404 125 126 110 0.010988 0.999879 -0.010988
-1.853 -0.668 14.380 163 160 155 0.017459 0.999273 -0.033891
-1.733 -0.669 14.383 156 150 150 0.023955 0.998801 -0.042702
-1.762 -0.669 14.379 159 149 148 0.011228 0.999299 -0.035726
-1.780 -0.669 14.374 159 160 144 0.005073 0.999356 -0.035510
-1.688 -0.670 14.396 145 148 131 0.013401 0.998927 -0.044328
-1.857 -0.669 14.383 145 146 140 0.015343 0.999312 -0.033754
-1.696 -0.670 14.391 151 151 149 0.023527 0.999396 -0.025573
-1.745 -0.669 14.383 158 154 145 0.011031 0.999794 -0.017048
-1.724 -0.670 14.387 166 158 145 0.017048 0.999814 -0.009025
-1.751 -0.669 14.383 157 154 145 0.013063 0.999801 -0.015072
-1.783 -0.669 14.375 172 163 154 0.002985 0.999852 -0.016913
-1.864 -0.667 14.383 140 127 110 0.005063 0.999429 -0.033416
-1.675 -0.671 14.383 146 146 138 0.013140 0.999643 -0.023248
-1.776 -0.669 14.370 161 159 143 0.009096 0.999586 -0.027289
-1.760 -0.669 14.381 149 145 142 0.011207 0.999438 -0.031583
-1.709 -0.670 14.387 178 163 160 0.030145 0.998957 -0.034303
-1.849 -0.669 14.388 137 134 127 0.015466 0.999072 -0.040210
-1.851 -0.668 14.383 158 147 129 0.021353 0.999544 -0.021353
-1.785 -0.669 14.374 167 158 153 0.013166 0.999593 -0.025319
-1.843 -0.669 14.388 166 151 148 0.015192 0.999613 -0.023294
-1.727 -0.669 14.383 160 152 139 0.023621 0.999277 -0.029783
-1.706 -0.671 14.387 165 162 153 0.029843 0.999223 -0.025727
-1.724 -0.670 14.383 167 160 152 0.027729 0.999286 -0.025675
-1.687 -0.671 14.391 150 151 146 0.023295 0.999642 -0.013167
-1.780 -0.669 14.370 151 153 137 0.002990 0.999816 -0.018940
-1.847 -0.669 14.382 159 150 145 0.023480 0.999448 -0.023480
-1.670 -0.672 14.378 161 148 142 0.019244 0.999667 -0.017218
-1.768 -0.669 14.374 165 158 165 0.011096 0.999669 -0.023201
-1.864 -0.668 14.379 154 147 137 0.013037 0.999830 -0.013037
-1.776 -0.669 14.374 176 163 161 0.009025 0.999778 -0.019053
-1.772 -0.669 14.375 158 156 147 0.002979 0.999912 -0.012908
-1.731 -0.669 14.383 163 152 150 0.021396 0.999496 -0.023434
-1.746 -0.670 14.378 170 165 159 0.017115 0.999739 -0.015102
-1.695 -0.670 14.386 164 164 156 0.025370 0.999562 -0.015222
-1.759 -0.669 14.374 170 162 173 0.017355 0.999469 -0.027565
-1.679 -0.671 14.383 151 147 136 0.019474 0.999305 -0.031773
-1.841 -0.669 14.382 172 161 157 0.017492 0.999122 -0.038072
-1.857 -0.668 14.379 162 161 143 0.019630 0.999076 -0.038227
-1.861 -0.669 14.383 155 140 133 0.015495 0.998893 -0.044418
-1.679 -0.671 14.387 145 137 135 0.017321 0.999525 -0.025472
-1.687 -0.671 14.383 156 152 151 0.021354 0.999585 -0.019321
-1.849 -0.669 14.379 164 155 146 0.019436 0.999430 -0.027620
-1.768 -0.669 14.378 142 141 139 0.019668 0.998905 -0.042441
-1.741 -0.669 14.382 161 161 151 0.011096 0.999669 -0.023201
-1.702 -0.670 14.387 169 166 161 0.023528 0.999446 -0.023528
-1.843 -0.669 14.384 165 154 150 0.009150 0.999395 -0.033550
-1.755 -0.669 14.374 172 163 164 0.006937 0.999936 -0.008919
-1.691 -0.671 14.392 162 157 154 0.017048 0.999814 -0.009025
-1.715 -0.670 14.387 173 162 160 0.021185 0.999714 -0.011097
-1.834 -0.668 14.387 176 158 158 0.010944 0.999900 -0.008954
-1.684 -0.670 14.387 162 160 148 0.014983 0.999847 -0.008990
-1.742 -0.670 14.379 165 171 159 0.015162 0.999660 -0.021226
-1.684 -0.671 14.383 168 158 157 0.025168 0.999658 -0.007047
-1.763 -0.669 14.375 175 163 163 0.008990 0.999847 -0.014983
-1.732 -0.669 14.386 153 151 138 0.023295 0.999642 -0.013167
-1.759 -0.669 14.378 160 159 154 0.015222 0.999562 -0.025370
-1.749 -0.669 14.378 167 165 150 0.019552 0.999232 -0.033959
-1.698 -0.671 14.391 162 161 157 0.027399 0.999562 -0.011163
-1.851 -0.668 14.387 137 133 130 0.017183 0.999668 -0.019205
-1.692 -0.670 14.396 135 128 110 0.023295 0.999642 -0.013167
-1.683 -0.670 14.392 155 155 143 0.013063 0.999801 -0.015072
-1.697 -0.670 14.396 143 129 128 0.021611 0.999257 -0.031902
-1.699 -0.670 14.391 163 155 152 0.025117 0.999672 -0.005023
-1.753 -0.670 14.379 166 162 153 0.011140 0.999564 -0.027344
-1.860 -0.668 14.379 168 157 151 0.013088 0.999731 -0.019129
-1.736 -0.670 14.379 170 168 156 0.014983 0.999847 -0.008990
-1.687 -0.671 14.387 164 166 152 0.021142 0.999735 -0.009061
-1.691 -0.671 14.384 170 167 162 0.021016 0.999775 -0.003002
-1.838 -0.668 14.388 155 153 141 0.008902 0.999956 -0.002967
-1.696 -0.670 14.387 164 161 152 0.021100 0.999753 -0.007033
-1.701 -0.670 14.391 160 156 145 0.023388 0.999577 -0.017287
-1.870 -0.667 14.382 144 149 142 0.000999 0.999736 -0.022971
-1.759 -0.669 14.380 159 158 156 0.006937 0.999936 -0.008919
-1.691 -0.671 14.388 159 155 143 0.019320 0.999540 -0.023387
-1.736 -0.670 14.383 158 157 152 0.023621 0.999277 -0.029783
