-1.619 -0.676 15.542 167 163 151 0.015072 0.999773 -0.015072
-1.624 -0.676 15.526 154 152 140 0.021353 0.999544 -0.021353
-1.605 -0.675 15.548 156 146 147 0.008990 0.999847 -0.014983
-1.623 -0.676 15.535 164 155 146 0.008954 0.999900 -0.010944
-1.609 -0.675 15.542 157 159 145 0.007019 0.999754 -0.021058
-1.611 -0.676 15.547 153 157 143 0.008990 0.999875 -0.012985
-1.614 -0.675 15.540 159 161 140 0.011031 0.999826 -0.015043
-1.619 -0.676 15.535 161 158 139 0.011009 0.999855 -0.013011
-1.619 -0.676 15.531 161 154 135 0.006924 0.999964 -0.004945
-1.617 -0.676 15.544 169 164 144 0.008919 0.999948 -0.004955
-1.623 -0.676 15.531 163 152 150 0.004965 0.999928 -0.010923
-1.636 -0.676 15.518 171 162 147 0.015252 0.999507 -0.027453
-1.604 -0.676 15.543 159 155 146 0.013114 0.999690 -0.021184
-1.619 -0.676 15.539 165 163 148 0.009007 0.999815 -0.017014
-1.602 -0.676 15.552 160 153 134 0.011119 0.999668 -0.023248
-1.614 -0.675 15.547 155 153 141 0.006965 0.999916 -0.010944
-1.614 -0.675 15.543 161 154 138 0.006883 0.999976 -0.000983
-1.618 -0.676 15.540 163 160 143 -0.000978 0.999999 0.000978
-1.631 -0.676 15.511 161 154 144 0.004916 0.999987 -0.000983
-1.631 -0.676 15.522 165 158 142 -0.000979 0.999995 0.002938
-1.633 -0.675 15.517 166 163 146 0.006896 0.999972 -0.002956
-1.628 -0.675 15.530 156 160 133 0.004926 0.999976 -0.004926
-1.623 -0.676 15.543 167 163 152 0.000981 0.999995 -0.002944
-1.606 -0.676 15.557 156 147 132 0.006883 0.999976 0.000983
-1.612 -0.676 15.534 163 161 148 0.002950 0.999984 -0.004916
-1.628 -0.675 15.526 153 149 137 0.010966 0.999900 -0.008972
-1.618 -0.676 15.548 175 156 149 -0.000985 0.999976 -0.006896
-1.636 -0.675 15.513 173 161 147 0.008954 0.999900 -0.010944
-1.626 -0.675 15.516 168 163 157 0.015102 0.999739 -0.017115
-1.606 -0.676 15.553 147 136 132 0.010966 0.999880 -0.010966
-1.623 -0.676 15.539 167 161 149 0.019282 0.999628 -0.019282
-1.618 -0.676 15.552 170 155 150 0.032031 0.999153 -0.025831
-1.628 -0.675 15.522 160 152 150 0.025829 0.999085 -0.034095
-1.609 -0.675 15.557 153 146 140 0.015192 0.999613 -0.023294
-1.618 -0.676 15.536 164 163 145 0.017217 0.999626 -0.021269
-1.617 -0.675 15.528 164 162 139 0.015313 0.999444 -0.029606
-1.614 -0.675 15.551 156 156 148 0.011119 0.999668 -0.023248
-1.642 -0.676 15.512 143 156 136 0.013037 0.999802 -0.015042
-1.643 -0.676 15.511 157 156 138 0.017218 0.999667 -0.019244
-1.614 -0.675 15.555 156 156 146 0.008972 0.999876 -0.012960
-1.609 -0.675 15.553 155 150 147 0.004926 0.999984 -0.002956
-1.618 -0.676 15.556 168 159 154 0.008954 0.999900 -0.010944
-1.631 -0.676 15.526 170 162 151 0.008972 0.999900 -0.010966
-1.609 -0.675 15.538 155 157 143 0.002956 0.999972 -0.006896
-1.624 -0.676 15.522 151 153 139 0.002961 0.999972 -0.006910
-1.827 -0.674 15.469 155 155 137 -0.006992 -0.999863 -0.014983
-1.809 -0.674 15.464 156 153 138 0.012883 0.999913 -0.002973
-1.703 -0.676 15.491 160 153 147 0.004926 0.999984 -0.002956
-1.694 -0.676 15.504 167 163 152 0.000979 0.999999 -0.000979
-1.788 -0.674 15.468 157 155 143 0.005034 0.999671 0.025168
-1.813 -0.674 15.468 157 151 139 0.012934 0.999892 -0.006964
-1.792 -0.675 15.465 155 148 138 0.016947 0.999852 -0.002991
-1.788 -0.674 15.465 163 159 147 0.012985 0.999875 -0.008990
-1.762 -0.675 15.486 151 155 138 0.004945 0.999964 -0.006924
-1.758 -0.675 15.478 159 155 143 0.008955 0.999920 -0.008955
-1.725 -0.675 15.492 149 144 122 0.004936 0.999964 -0.006910
-1.709 -0.676 15.491 165 162 145 0.002950 0.999984 -0.004916
-1.771 -0.675 15.482 151 141 139 0.010944 0.999916 -0.006965
-1.756 -0.676 15.487 162 150 138 0.008955 0.999920 -0.008955
-1.726 -0.676 15.496 153 136 126 0.006951 0.999916 -0.010923
-1.677 -0.676 15.505 158 152 140 0.006924 0.999952 -0.006924
-1.743 -0.676 15.493 158 147 145 0.006937 0.999952 -0.006937
-1.779 -0.675 15.480 151 143 132 0.010944 0.999900 -0.008954
-1.800 -0.674 15.467 161 144 137 0.010901 0.999928 -0.004955
-1.732 -0.676 15.485 149 144 141 0.011031 0.999826 -0.015043
-1.796 -0.674 15.463 166 162 151 0.012960 0.999876 -0.008972
-1.693 -0.675 15.494 157 156 138 0.004975 0.999904 -0.012934
-1.773 -0.675 15.472 153 155 141 0.011009 0.999855 -0.013011
-1.777 -0.675 15.481 142 140 125 0.010944 0.999900 -0.008954
-1.778 -0.675 15.472 169 160 153 0.010923 0.999916 -0.006951
-1.673 -0.676 15.504 147 143 131 0.011031 0.999826 -0.015043
-1.788 -0.674 15.472 160 153 145 0.010944 0.999916 -0.006965
-1.671 -0.675 15.501 144 142 127 0.006978 0.999892 -0.012960
-1.773 -0.675 15.480 140 139 134 0.008919 0.999936 -0.006937
-1.696 -0.676 15.494 167 157 145 0.002961 0.999972 -0.006910
-1.712 -0.675 15.490 155 146 141 -0.000987 0.999941 -0.010858
-1.819 -0.674 15.464 163 153 141 0.008867 0.999960 0.000985
-1.792 -0.675 15.477 165 150 147 0.010858 0.999941 0.000987
-1.657 -0.675 15.504 160 156 144 0.006910 0.999964 -0.004936
-1.691 -0.676 15.495 152 150 138 0.004984 0.999844 -0.016947
-1.800 -0.674 15.464 182 164 154 0.014953 0.999864 -0.006978
-1.783 -0.675 15.477 153 148 154 0.013037 0.999830 -0.013037
-1.703 -0.676 15.496 153 150 143 0.002979 0.999912 -0.012908
-1.771 -0.675 15.478 147 144 137 0.010966 0.999880 -0.010966
-1.769 -0.674 15.472 165 161 152 0.006924 0.999952 -0.006924
-1.729 -0.675 15.493 140 133 115 0.004965 0.999904 -0.012908
-1.730 -0.675 15.487 150 149 145 0.002950 0.999984 -0.004916
-1.752 -0.675 15.486 156 150 138 0.006924 0.999964 -0.004945
-1.786 -0.675 15.478 156 145 143 0.010988 0.999879 -0.010988
-1.782 -0.674 15.473 159 150 153 0.010858 0.999941 -0.000987
-1.725 -0.675 15.487 160 154 140 0.006910 0.999972 -0.002961
-1.685 -0.676 15.496 161 147 138 0.002956 0.999984 -0.004926
-1.672 -0.675 15.499 143 140 131 0.004926 0.999984 -0.002956
-1.756 -0.676 15.490 168 151 144 0.006896 0.999972 -0.002956
-1.796 -0.675 15.474 157 148 141 0.010923 0.999916 -0.006951
-1.738 -0.676 15.490 146 140 140 0.006924 0.999964 -0.004945
-1.664 -0.676 15.509 149 141 130 0.011031 0.999826 -0.015043
-1.715 -0.674 15.487 161 155 143 0.006937 0.999936 -0.008919
-1.807 -0.674 15.465 151 148 139 0.010923 0.999928 -0.004965
-1.691 -0.676 15.499 157 152 149 0.000979 0.999995 -0.002938
-1.792 -0.675 15.473 156 142 139 0.012985 0.999875 -0.008990
-1.780 -0.675 15.474 161 152 155 0.008902 0.999956 0.002967
-1.723 -0.675 15.493 150 137 129 0.004926 0.999984 -0.002956
-1.723 -0.675 15.488 160 154 142 0.000978 0.999999 -0.000978
-1.739 -0.676 15.481 160 154 138 0.006951 0.999936 -0.008937
-1.704 -0.675 15.500 153 154 148 -0.000995 0.999821 0.018902
-1.828 -0.674 15.473 161 161 135 0.010944 0.999916 -0.006965
-1.822 -0.674 15.464 155 151 142 0.010858 0.999941 -0.000987
-1.813 -0.674 15.464 155 151 140 0.012960 0.999892 -0.006978
-1.673 -0.676 15.508 159 153 139 0.002973 0.999936 -0.010901
-1.807 -0.674 15.469 149 150 145 0.016913 0.999852 -0.002985
-1.771 -0.675 15.486 165 149 149 0.006924 0.999964 -0.004945
-1.676 -0.676 15.508 165 158 140 0.004965 0.999928 -0.010923
-1.716 -0.675 15.496 144 140 139 0.004984 0.999844 -0.016947
-1.762 -0.675 15.478 163 155 144 0.011031 0.999794 -0.017048
-1.819 -0.674 15.468 161 153 140 0.015222 0.999562 -0.025370
-1.782 -0.674 15.469 164 153 147 0.010944 0.999916 -0.006965
-1.781 -0.674 15.467 172 158 147 0.013011 0.999855 -0.011009
-1.749 -0.675 15.481 162 152 142 0.008954 0.999900 -0.010944
-1.798 -0.675 15.469 152 143 136 0.015013 0.999847 -0.009008
-1.658 -0.675 15.509 159 151 138 0.006910 0.999964 -0.004936
-1.743 -0.675 15.482 160 155 135 0.013089 0.999768 -0.017116
-1.645 -0.675 15.509 152 145 127 0.011053 0.999793 -0.017082
-1.663 -0.675 15.504 154 147 139 0.006910 0.999964 -0.004936
-1.766 -0.675 15.487 160 146 143 0.006910 0.999964 -0.004936
-1.766 -0.675 15.483 155 133 135 0.010944 0.999916 -0.006965
-1.732 -0.676 15.491 144 140 131 0.006910 0.999972 -0.002961
-1.678 -0.675 15.495 169 159 150 0.000979 0.999995 -0.002938
-1.804 -0.675 15.469 153 151 136 0.012908 0.999904 -0.004965
-1.715 -0.674 15.491 150 142 140 0.004936 0.999976 -0.004936
-1.682 -0.675 15.503 164 155 138 0.004945 0.999948 -0.008902
-1.654 -0.675 15.508 166 152 141 0.002967 0.999956 -0.008902
-1.682 -0.675 15.496 162 150 136 0.006937 0.999936 -0.008919
-1.641 -0.675 15.508 152 159 143 0.010944 0.999900 -0.008954
-1.750 -0.676 15.487 165 158 140 0.010987 0.999855 -0.012985
-1.762 -0.675 15.482 155 153 140 0.004945 0.999964 -0.006924
-1.721 -0.674 15.490 151 142 137 0.006937 0.999952 -0.006937
-1.700 -0.675 15.499 164 154 142 0.004945 0.999948 -0.008902
-1.707 -0.676 15.500 155 154 149 0.011075 0.999756 -0.019129
-1.733 -0.675 15.494 142 137 131 0.004936 0.999976 -0.004936
-1.827 -0.674 15.465 161 159 146 0.012960 0.999892 -0.006978
-1.779 -0.675 15.469 170 162 149 0.015072 0.999773 -0.015072
-1.747 -0.675 15.487 158 150 139 0.009008 0.999847 -0.015013
-1.752 -0.675 15.478 159 157 134 0.000981 0.999995 -0.002944
-1.716 -0.675 15.500 150 150 138 0.004984 0.999876 -0.014953
-1.695 -0.676 15.500 169 164 145 0.000985 0.999976 -0.006896
-1.689 -0.676 15.504 175 160 153 0.002973 0.999913 -0.012883
-1.814 -0.675 15.472 159 155 143 0.008990 0.999875 0.012985
-1.752 -0.675 15.489 168 158 146 0.002979 0.999885 0.014894
-1.722 -0.675 15.495 135 133 121 0.006937 0.999952 -0.006937
-1.764 -0.675 15.477 163 149 138 0.004936 0.999976 -0.004936
-1.634 -0.675 15.507 167 157 147 0.004916 0.999987 -0.000983
-1.783 -0.675 15.481 152 148 149 0.008884 0.999960 0.000987
-1.738 -0.676 15.494 150 147 138 0.002950 0.999991 -0.002950
-1.711 -0.676 15.498 150 147 132 0.000979 0.999999 -0.000979
-1.809 -0.674 15.460 163 161 146 0.010901 0.999928 -0.004955
-1.803 -0.675 15.464 156 149 141 -0.008990 -0.999875 -0.012985
-1.747 -0.675 15.491 158 147 143 0.004945 0.999948 -0.008902
-1.682 -0.675 15.499 163 157 133 0.006951 0.999936 -0.008937
-1.824 -0.674 15.469 154 150 138 0.010987 0.999855 -0.012985
-1.700 -0.675 15.495 156 150 136 0.008990 0.999875 -0.012985
-1.667 -0.676 15.505 151 142 135 0.006924 0.999964 -0.004945
-1.773 -0.675 15.477 138 142 128 0.006896 0.999976 0.000985
-1.743 -0.675 15.486 164 157 139 0.006937 0.999952 -0.006937
-1.809 -0.675 15.467 142 142 132 0.015102 0.999772 -0.015102
-1.777 -0.675 15.477 144 136 125 0.012908 0.999912 -0.002979
-1.756 -0.675 15.483 160 151 134 0.006951 0.999936 -0.008937
-1.750 -0.676 15.480 163 155 144 0.004926 0.999976 -0.004926
-1.792 -0.675 15.470 156 145 141 0.012934 0.999904 -0.004975
-1.824 -0.674 15.473 155 152 133 0.013037 0.999802 -0.015042
-1.739 -0.676 15.485 165 157 146 0.008919 0.999936 -0.006937
-1.668 -0.675 15.509 166 153 147 0.008954 0.999900 -0.010944
-1.685 -0.676 15.504 170 163 147 0.011096 0.999669 -0.023201
-1.650 -0.675 15.508 168 156 142 0.008937 0.999920 -0.008937
-1.685 -0.676 15.500 169 157 143 0.004955 0.999928 -0.010901
-1.733 -0.675 15.490 141 140 135 0.007019 0.999754 -0.021058
-1.732 -0.675 15.482 170 158 158 0.000991 0.999889 0.014865
-1.707 -0.675 15.496 155 155 145 -0.005033 -0.999618 -0.027180
-1.666 -0.675 15.500 156 150 138 0.006964 0.999892 -0.012934
-1.752 -0.675 15.482 159 155 143 0.010966 0.999900 -0.008972
-1.676 -0.675 15.500 159 149 147 0.004926 0.999976 -0.004926
-1.743 -0.675 15.490 165 155 145 0.006951 0.999936 -0.008937
-1.721 -0.674 15.486 164 156 154 0.004945 0.999964 -0.006924
-1.713 -0.676 15.496 150 141 134 0.002950 0.999991 -0.002950
-1.722 -0.675 15.499 140 144 127 0.004965 0.999928 -0.010923
-1.845 -0.674 15.471 152 150 137 0.009008 0.999847 0.015013
-1.841 -0.674 15.474 160 144 144 0.015013 0.999847 -0.009008
-1.847 -0.673 15.469 161 155 143 0.008972 0.999900 0.010966
-1.833 -0.674 15.468 152 145 135 0.012985 0.999855 0.010987
-1.860 -0.674 15.473 166 158 139 -0.014894 -0.999885 -0.002979
-1.837 -0.674 15.473 157 150 140 0.010923 0.999928 -0.004965
-1.849 -0.674 15.472 161 157 145 0.012960 0.999876 -0.008972
-1.873 -0.673 15.473 168 159 152 0.010966 0.999900 -0.008972
-1.850 -0.674 15.477 157 158 140 0.012985 0.999875 -0.008990
-1.837 -0.673 15.468 149 141 138 0.008937 0.999936 -0.006951
-1.864 -0.674 15.478 173 162 140 0.013037 0.999830 -0.013037
-1.862 -0.674 15.472 167 162 140 0.015102 0.999772 -0.015102
-1.841 -0.673 15.470 159 154 148 0.015072 0.999773 -0.015072
-1.831 -0.674 15.473 158 157 136 0.014953 0.999864 -0.006978
-1.862 -0.674 15.476 171 161 136 0.014983 0.999847 -0.008990
-1.860 -0.674 15.478 172 160 148 0.017081 0.999769 -0.013062
-1.845 -0.674 15.475 164 157 147 0.013011 0.999855 -0.011009
-1.854 -0.674 15.478 173 164 157 0.010944 0.999916 0.006965
-1.854 -0.674 15.474 175 157 157 0.012883 0.999917 -0.000991
