-0.860 -0.677 15.373 132 126 114 -0.009722 0.994893 -0.100462
-0.829 -0.676 15.376 147 133 122 -0.012047 0.993294 -0.114990
-0.796 -0.675 15.372 148 141 133 -0.014622 0.988640 -0.149589
-0.869 -0.676 15.372 138 130 119 -0.014291 0.992692 -0.119827
-0.874 -0.676 15.369 132 119 113 -0.009664 0.995376 -0.095565
-0.877 -0.676 15.372 128 128 120 -0.007575 0.994447 -0.104963
-0.788 -0.678 15.369 161 154 148 -0.009854 0.993065 -0.117153
-0.860 -0.676 15.376 134 127 121 -0.012279 0.990141 -0.139535
-0.834 -0.677 15.367 170 163 157 -0.005493 0.991973 -0.126331
-0.856 -0.675 15.376 147 137 127 -0.010348 0.983092 -0.182821
-0.829 -0.676 15.372 128 120 109 -0.014987 0.983370 -0.180995
-0.831 -0.676 15.371 147 140 134 -0.012583 0.984889 -0.172727
-0.871 -0.677 15.365 160 157 148 -0.012368 0.988335 -0.151792
-0.829 -0.677 15.367 159 158 153 -0.012090 0.992457 -0.121996
-0.792 -0.676 15.373 125 114 86 -0.005418 0.993736 -0.111619
-0.873 -0.675 15.373 132 122 113 -0.009554 0.996780 -0.079615
-0.848 -0.677 15.371 167 160 150 -0.005245 0.997514 -0.070277
-0.879 -0.676 15.363 139 138 133 -0.005316 0.996270 -0.086124
-0.838 -0.677 15.367 157 157 145 -0.007428 0.996452 -0.083834
-0.820 -0.675 15.376 168 157 155 -0.007500 0.995414 -0.095363
-0.820 -0.677 15.367 136 134 119 -0.011836 0.995333 -0.095767
-0.854 -0.676 15.375 129 126 111 -0.007500 0.995414 -0.095363
-0.825 -0.676 15.370 142 139 130 -0.009835 0.993347 -0.114743
-0.794 -0.676 15.367 121 114 96 -0.007662 0.992827 -0.119314
-0.824 -0.676 15.376 153 154 136 -0.014401 0.991461 -0.129610
-0.828 -0.675 15.375 134 128 112 -0.012182 0.991203 -0.131791
-0.869 -0.677 15.367 166 155 153 -0.005534 0.990673 -0.136148
-0.883 -0.677 15.366 137 130 120 -0.007575 0.994447 -0.104963
-0.852 -0.677 15.371 157 152 146 -0.009776 0.993915 -0.109711
-0.842 -0.677 15.373 141 131 122 -0.005451 0.993158 -0.116650
-0.821 -0.677 15.368 128 125 110 -0.005327 0.996069 -0.088421
-0.851 -0.676 15.376 134 129 109 -0.005295 0.996481 -0.083658
-0.796 -0.676 15.365 128 129 121 -0.007589 0.994194 -0.107334
-0.833 -0.676 15.376 143 145 132 -0.007458 0.996241 -0.086305
-0.812 -0.677 15.367 140 129 123 -0.014511 0.990111 -0.139531
-0.825 -0.676 15.373 129 130 116 -0.014236 0.993265 -0.114987
-0.864 -0.676 15.376 125 128 111 -0.014401 0.991461 -0.129610
-0.852 -0.676 15.374 132 130 115 -0.012139 0.992120 -0.124705
-0.847 -0.676 15.376 151 139 123 -0.010192 0.986373 -0.164207
-0.816 -0.677 15.367 137 130 104 -0.024472 0.982379 -0.185289
-0.883 -0.677 15.363 157 148 141 -0.012415 0.987540 -0.156878
-0.879 -0.676 15.367 129 131 120 -0.007792 0.989605 -0.143599
-0.846 -0.677 15.373 164 151 142 -0.009757 0.994175 -0.107332
-0.835 -0.677 15.371 158 148 139 0.001055 0.996523 -0.083307
-0.784 -0.676 15.372 149 142 123 -0.009722 0.994893 -0.100462
-0.869 -0.676 15.376 113 109 82 -0.014267 0.993236 -0.115237
-0.808 -0.676 15.367 118 115 108 -0.011974 0.993865 -0.109946
-0.815 -0.676 15.376 159 151 132 -0.016876 0.988935 -0.147384
-0.789 -0.676 15.372 142 127 120 -0.017100 0.986095 -0.165299
-0.820 -0.675 15.372 151 137 136 -0.007734 0.990994 -0.133679
-0.793 -0.677 15.364 147 144 139 -0.010021 0.989900 -0.141414
-0.815 -0.676 15.372 144 131 114 -0.012252 0.990185 -0.139227
-0.865 -0.677 15.367 164 161 144 -0.009946 0.991266 -0.131506
-0.864 -0.676 15.373 123 128 105 -0.014793 0.986561 -0.162720
-0.843 -0.677 15.367 164 155 150 -0.016972 0.987767 -0.155010
-0.838 -0.675 15.376 146 138 125 -0.014516 0.990417 -0.137341
-0.837 -0.676 15.372 146 133 127 -0.009892 0.992481 -0.121999
-0.825 -0.677 15.367 161 154 148 -0.012372 0.988670 -0.149594
-0.846 -0.677 15.369 169 158 152 -0.014543 0.990067 -0.139840
-0.842 -0.676 15.376 147 134 118 -0.010025 0.990209 -0.139231
-0.797 -0.675 15.369 124 119 112 -0.014793 0.986561 -0.162720
-0.804 -0.676 15.371 150 151 133 -0.015091 0.980913 -0.193861
-0.810 -0.676 15.372 143 138 134 -0.010135 0.987621 -0.156533
-0.879 -0.676 15.370 126 126 114 -0.012578 0.984498 -0.174946
-0.876 -0.676 15.368 127 126 121 -0.007719 0.991323 -0.131221
-0.801 -0.675 15.368 124 128 113 -0.007589 0.994194 -0.107334
-0.855 -0.676 15.373 138 129 120 -0.005285 0.996838 -0.079282
-0.803 -0.676 15.367 119 124 104 -0.007428 0.996452 -0.083834
-0.817 -0.678 15.361 163 156 146 -0.009701 0.994915 -0.100246
-0.802 -0.677 15.363 149 141 128 -0.007500 0.995414 -0.095363
-0.808 -0.678 15.358 170 167 162 -0.005398 0.994258 -0.106875
-0.806 -0.678 15.364 157 155 143 -0.007372 0.997329 -0.072667
-0.795 -0.678 15.362 156 155 150 -0.012252 0.990185 -0.139227
-0.799 -0.678 15.359 164 155 150 -0.007631 0.993144 -0.116648
-0.812 -0.678 15.358 166 161 155 -0.005389 0.994730 -0.102383
-0.815 -0.677 15.363 162 155 139 -0.009795 0.993649 -0.112098
-0.811 -0.678 15.364 163 154 145 -0.007618 0.993668 -0.112101
-0.804 -0.678 15.358 164 152 140 -0.005347 0.995648 -0.093041
-0.847 -0.677 15.367 173 166 160 -0.005368 0.995202 -0.097695
-0.820 -0.677 15.363 151 154 133 -0.012298 0.989468 -0.144228
-0.860 -0.678 15.367 157 159 138 -0.001043 0.997701 -0.067764
-0.815 -0.678 15.360 166 159 149 -0.012067 0.992753 -0.119569
-0.852 -0.677 15.367 172 162 160 -0.005378 0.994969 -0.100035
-0.799 -0.678 15.362 147 148 140 -0.019467 0.985927 -0.166039
