-1.898 -0.673 15.269 150 141 142 -0.577350 -0.577350 -0.577350
-1.893 -0.673 15.267 173 165 152 -0.577350 -0.577350 -0.577350
-1.855 -0.674 15.293 160 150 141 -0.577350 -0.577350 -0.577350
-1.884 -0.673 15.274 171 166 163 0.011162 0.999505 -0.029427
-1.903 -0.673 15.258 142 138 126 0.017631 0.998755 -0.046671
-1.894 -0.672 15.271 158 141 131 0.015525 0.998794 -0.046576
-1.841 -0.672 15.307 132 125 106 0.013429 0.998923 -0.044420
-1.894 -0.672 15.273 151 147 136 0.015464 0.998987 -0.042269
-1.903 -0.673 15.261 143 138 118 0.017703 0.998645 -0.048943
-1.846 -0.674 15.297 164 161 142 0.009168 0.999322 -0.035654
-1.841 -0.673 15.301 153 148 142 -0.577350 -0.577350 -0.577350
-1.840 -0.672 15.303 147 145 130 -0.577350 -0.577350 -0.577350
-1.850 -0.674 15.298 164 160 151 -0.577350 -0.577350 -0.577350
-1.889 -0.673 15.269 170 167 162 -0.577350 -0.577350 -0.577350
-1.880 -0.674 15.274 165 160 154 0.011295 0.999134 -0.040048
-1.902 -0.672 15.269 139 138 134 -0.577350 -0.577350 -0.577350
-1.876 -0.672 15.278 160 152 141 0.009168 0.999322 -0.035654
-1.888 -0.672 15.274 157 151 139 -0.577350 -0.577350 -0.577350
-1.835 -0.671 15.307 163 150 134 0.011250 0.999220 -0.037842
-1.843 -0.672 15.303 159 153 139 0.005043 0.999616 -0.027235
-1.900 -0.672 15.271 145 143 148 0.017668 0.998750 -0.046768
-1.903 -0.673 15.264 148 143 114 0.021869 0.998662 -0.046861
-1.890 -0.672 15.279 152 147 128 0.015373 0.999238 -0.035870
-1.880 -0.673 15.278 155 156 142 0.021825 0.998762 -0.044690
-1.858 -0.674 15.292 172 160 146 0.015373 0.999238 -0.035870
-1.885 -0.672 15.277 155 151 139 0.013270 0.999344 -0.033686
-1.844 -0.673 15.302 168 160 158 0.011207 0.999438 -0.031583
-1.898 -0.673 15.266 154 150 149 0.021739 0.998948 -0.040372
-1.896 -0.673 15.267 158 145 139 -0.577350 -0.577350 -0.577350
-1.831 -0.672 15.306 172 164 151 -0.577350 -0.577350 -0.577350
-1.831 -0.674 15.301 170 156 145 -0.577350 -0.577350 -0.577350
-1.818 -0.673 15.307 175 158 151 -0.577350 -0.577350 -0.577350
-1.838 -0.674 15.298 162 163 149 -0.577350 -0.577350 -0.577350
-1.816 -0.673 15.308 172 161 155 -0.577350 -0.577350 -0.577350
-1.863 -0.675 15.280 180 166 166 -0.577350 -0.577350 -0.577350
-1.826 -0.673 15.306 173 165 152 -0.577350 -0.577350 -0.577350
-1.808 -0.673 15.305 159 161 148 0.005024 0.999720 -0.023109
-1.867 -0.674 15.279 180 169 165 0.011185 0.999503 -0.029487
-1.822 -0.672 15.310 171 156 153 0.013324 0.999268 -0.035871
-1.853 -0.674 15.288 165 155 154 0.015435 0.999156 -0.038073
-1.866 -0.673 15.284 178 163 160 0.021955 0.998446 -0.051229
-1.822 -0.673 15.304 164 156 145 0.015557 0.998789 -0.046672
-1.851 -0.674 15.289 169 159 158 0.015466 0.999072 -0.040210
-1.804 -0.673 15.302 163 164 146 0.017633 0.998849 -0.044601
-1.851 -0.674 15.292 169 159 157 0.011207 0.999438 -0.031583
-1.867 -0.672 15.287 153 141 125 0.021782 0.998858 -0.042527
-1.863 -0.674 15.283 177 163 162 0.017528 0.999118 -0.038150
-1.877 -0.673 15.273 164 165 149 0.019865 0.998489 -0.051231
-1.801 -0.673 15.301 163 156 148 0.021955 0.998446 -0.051229
-1.827 -0.674 15.303 164 150 139 0.021912 0.998556 -0.049041
-1.867 -0.674 15.282 179 163 164 0.024146 0.998384 -0.051441
-1.820 -0.673 15.308 178 159 155 0.021869 0.998662 -0.046861
-1.797 -0.673 15.300 148 135 129 0.021914 0.998656 -0.046959
-1.808 -0.673 15.303 168 166 154 0.024194 0.998267 -0.053648
-1.840 -0.675 15.297 168 161 153 0.003055 0.999123 -0.041757
-1.834 -0.673 15.301 169 155 144 0.019746 0.998711 -0.046766
-1.857 -0.675 15.283 174 166 155 0.026349 0.998091 -0.055859
-1.872 -0.673 15.278 169 162 152 0.026562 0.997680 -0.062687
-1.812 -0.673 15.306 154 149 146 0.019746 0.998711 -0.046766
-1.864 -0.673 15.289 164 163 161 0.019707 0.998811 -0.044599
-1.859 -0.674 15.288 171 165 153 0.022174 0.997811 -0.062297
-1.797 -0.672 15.306 136 123 115 -0.577350 -0.577350 -0.577350
-1.805 -0.671 15.310 146 141 138 -0.577350 -0.577350 -0.577350
-1.809 -0.672 15.309 153 158 136 -0.577350 -0.577350 -0.577350
-1.813 -0.672 15.311 148 143 150 -0.577350 -0.577350 -0.577350
-1.801 -0.671 15.309 146 127 129 -0.577350 -0.577350 -0.577350
-1.806 -0.672 15.306 157 160 139 -0.577350 -0.577350 -0.577350
-1.817 -0.671 15.311 160 157 152 0.017458 0.999201 -0.035942
-1.800 -0.672 15.306 159 146 137 0.017458 0.999201 -0.035942
