-1.790 -0.672 15.298 129 124 92 0.007516 0.995395 -0.095566
-1.665 -0.675 15.310 103 91 75 0.226709 0.541324 -0.809673
-1.778 -0.672 15.293 164 156 145 -0.007457 0.996055 -0.088420
-1.676 -0.676 15.307 114 119 99 0.242857 0.530574 -0.812103
-1.787 -0.672 15.289 147 135 137 0.001081 0.993536 -0.113516
-1.793 -0.673 15.296 148 135 119 0.007631 0.993144 -0.116648
-1.779 -0.673 15.288 145 143 128 0.012182 0.991203 -0.131791
-1.783 -0.673 15.288 155 139 142 0.019029 0.990603 -0.135438
-1.782 -0.672 15.293 159 149 139 0.001108 0.989726 -0.142973
-1.783 -0.672 15.298 150 147 130 -0.010006 0.990556 -0.136743
-1.788 -0.672 15.293 148 140 119 -0.007880 0.987290 -0.158732
-1.673 -0.677 15.309 94 99 76 0.256807 0.481320 -0.838082
-1.786 -0.671 15.298 144 139 120 -0.001088 0.992948 -0.118545
-1.774 -0.671 15.292 165 156 157 0.005472 0.992580 -0.121473
-1.734 -0.675 15.289 104 108 93 0.009927 0.991588 -0.129050
-1.770 -0.672 15.288 161 152 143 0.001077 0.994066 -0.108776
-1.679 -0.667 15.312 68 45 31 0.234385 0.458186 -0.857397
-1.688 -0.677 15.310 99 104 98 0.286224 0.498938 -0.818008
-1.678 -0.665 15.311 106 72 71 0.264358 0.447728 -0.854198
-1.761 -0.675 15.280 161 150 148 0.010059 0.989171 -0.146420
-1.675 -0.677 15.313 99 94 74 0.250541 0.543098 -0.801420
-1.626 -0.681 15.318 131 116 109 0.231191 0.270423 -0.934571
-1.735 -0.671 15.285 61 53 50 -0.005629 0.987305 -0.158734
-1.725 -0.676 15.289 134 124 115 -0.016850 0.989628 -0.142659
-1.616 -0.682 15.321 99 65 64 0.220701 0.378553 -0.898882
-1.710 -0.675 15.296 126 126 116 0.299798 0.491292 -0.817773
-1.752 -0.675 15.280 155 151 139 0.023382 0.992058 -0.123590
-1.729 -0.674 15.291 72 57 50 0.008013 0.983266 -0.182001
-1.726 -0.672 15.289 83 57 58 0.026511 0.948097 -0.316874
-1.720 -0.675 15.292 105 89 63 0.079256 0.949774 -0.302732
-1.700 -0.676 15.302 135 132 127 0.321513 0.456392 -0.829660
-1.743 -0.674 15.283 111 115 116 0.005597 0.988498 -0.151129
-1.637 -0.680 15.318 164 157 149 0.245507 0.357234 -0.901171
-1.750 -0.672 15.283 100 89 83 -0.003414 0.984316 -0.176380
-1.692 -0.665 15.310 135 132 127 0.277866 0.482773 -0.830494
-1.641 -0.679 15.318 167 161 147 0.224975 0.355605 -0.907156
-1.748 -0.672 15.284 105 92 99 0.009368 0.998195 -0.059330
-1.690 -0.676 15.305 136 123 114 0.332271 0.262011 -0.906061
-1.715 -0.676 15.302 128 123 91 0.342301 0.315159 -0.885158
-1.763 -0.673 15.281 125 109 112 -0.022010 0.983502 -0.179556
-1.710 -0.668 15.303 43 30 37 0.325189 0.389918 -0.861520
-1.610 -0.682 15.322 67 70 63 0.213218 0.306413 -0.927712
-1.700 -0.673 15.310 47 43 34 0.337580 0.249897 -0.907519
-1.698 -0.676 15.307 104 112 97 0.363515 0.320927 -0.874564
-1.707 -0.677 15.300 123 117 101 0.337342 0.380473 -0.861070
-1.782 -0.673 15.285 142 135 129 0.014460 0.991095 -0.132368
-1.685 -0.666 15.307 39 44 24 0.297185 0.462115 -0.835542
-1.604 -0.681 15.318 120 106 105 0.237474 0.294354 -0.925722
-1.702 -0.666 15.309 149 135 135 0.333079 0.210140 -0.919184
-1.723 -0.671 15.296 118 116 119 0.381050 0.099701 -0.919163
-1.737 -0.672 15.285 79 51 48 0.003362 0.987428 -0.158033
-1.727 -0.669 15.293 123 119 116 0.015311 0.976376 -0.215533
-1.662 -0.667 15.314 108 97 93 0.208832 0.386996 -0.898122
-1.671 -0.664 15.310 29 42 33 0.248201 0.497943 -0.830933
-1.727 -0.670 15.290 94 83 81 0.003213 0.995021 -0.099609
-1.612 -0.682 15.320 74 78 79 0.240750 0.414209 -0.877764
-1.666 -0.670 15.314 106 90 90 0.244570 0.451164 -0.858275
-1.607 -0.682 15.317 89 79 70 0.243110 0.336278 -0.909843
-1.738 -0.671 15.288 94 74 67 -0.003288 0.991741 -0.128214
-1.722 -0.669 15.297 141 131 142 -0.010382 0.981664 -0.190334
-1.620 -0.681 15.317 111 107 72 0.241071 0.352109 -0.904380
-1.671 -0.677 15.315 91 77 76 0.237959 0.420544 -0.875510
-1.677 -0.677 15.312 112 109 90 0.269874 0.516349 -0.812743
-1.693 -0.669 15.308 34 33 29 0.297765 0.395493 -0.868862
-1.710 -0.677 15.305 115 110 104 0.323457 0.468618 -0.822054
-1.679 -0.677 15.310 113 108 104 0.280813 0.399210 -0.872797
-1.742 -0.671 15.284 64 58 58 0.007502 0.995616 -0.093238
-1.700 -0.667 15.305 60 51 46 0.287060 0.509806 -0.810984
-1.616 -0.680 15.316 98 79 73 0.237150 0.341904 -0.909319
-1.627 -0.681 15.319 104 96 85 0.234489 0.379017 -0.895188
-1.681 -0.664 15.311 129 112 104 0.277258 0.475520 -0.834871
-1.695 -0.677 15.307 123 118 114 0.288195 0.574798 -0.765866
-1.742 -0.675 15.281 155 150 147 0.001116 0.987889 -0.155160
-1.725 -0.671 15.292 116 102 102 0.010306 0.983652 -0.179783
-1.763 -0.672 15.284 106 95 89 0.003337 0.988988 -0.147959
-1.708 -0.676 15.298 138 133 127 0.358190 0.186944 -0.914741
-1.745 -0.674 15.280 151 140 136 0.010348 0.983092 -0.182821
-1.685 -0.677 15.306 117 115 128 0.292900 0.383957 -0.875664
-1.739 -0.675 15.284 134 135 119 0.007986 0.984614 -0.174561
-1.676 -0.666 15.311 80 52 48 0.260913 0.275170 -0.925314
-1.769 -0.672 15.284 133 120 112 0.001088 0.992948 -0.118545
-1.688 -0.665 15.309 103 96 77 0.310212 0.361662 -0.879187
-1.772 -0.673 15.288 145 130 135 0.016181 0.995656 -0.091691
-1.660 -0.669 15.316 99 98 78 0.240454 0.449150 -0.860492
-1.648 -0.679 15.318 118 126 85 0.238101 0.295131 -0.925314
-1.712 -0.670 15.303 47 37 46 0.344095 0.378042 -0.859467
-1.658 -0.669 15.315 123 117 103 0.241883 0.325890 -0.913941
-1.666 -0.665 15.315 114 98 73 0.235311 0.355159 -0.904705
-1.702 -0.677 15.305 119 118 98 0.316366 0.434808 -0.843122
-1.757 -0.675 15.280 153 150 145 0.014820 0.986131 -0.165305
-1.674 -0.664 15.310 88 71 64 0.262413 0.363227 -0.893983
-1.728 -0.675 15.292 90 77 71 0.015503 0.971890 -0.234923
-1.708 -0.668 15.303 49 39 38 0.339240 0.482580 -0.807486
-1.670 -0.663 15.315 98 79 73 0.240750 0.414209 -0.877764
-1.759 -0.674 15.282 148 143 139 -0.005482 0.992280 -0.123898
-1.766 -0.675 15.279 156 143 153 0.025905 0.990019 -0.138535
-1.723 -0.671 15.294 116 102 102 0.010595 0.975938 -0.217791
-1.753 -0.675 15.282 146 136 126 0.036058 0.995423 -0.088506
-1.696 -0.665 15.306 75 70 74 0.274565 0.588807 -0.760211
-1.668 -0.672 15.314 80 80 70 0.231894 0.589851 -0.773499
-1.622 -0.681 15.316 120 115 95 0.232078 0.465672 -0.853985
-1.706 -0.671 15.307 45 42 37 0.367925 0.110788 -0.923232
-1.750 -0.675 15.282 143 139 128 0.031749 0.995155 -0.093056
-1.653 -0.672 15.314 94 88 72 0.221749 0.427127 -0.876578
-1.646 -0.678 15.315 131 138 107 0.216282 0.301099 -0.928742
-1.702 -0.677 15.301 126 126 118 0.300989 0.339923 -0.890987
-1.714 -0.670 15.301 45 40 44 0.325512 0.371359 -0.869560
-1.684 -0.677 15.309 106 103 110 0.284111 0.473519 -0.833703
-1.760 -0.672 15.285 89 93 79 0.007443 0.996257 -0.086123
-1.692 -0.666 15.306 70 57 64 0.297089 0.420235 -0.857403
-1.711 -0.676 15.301 123 122 117 0.326047 0.350311 -0.878052
-1.770 -0.674 15.280 165 155 163 0.005512 0.991048 -0.133389
-1.746 -0.671 15.285 75 49 62 0.001131 0.984919 -0.173011
-1.703 -0.675 15.309 78 71 53 0.358426 0.177088 -0.916608
-1.697 -0.668 15.305 42 36 46 0.323332 0.350656 -0.878918
-1.650 -0.677 15.316 107 106 85 0.230830 0.380795 -0.895384
-1.736 -0.675 15.287 100 101 95 0.024723 0.996438 -0.080618
-1.684 -0.665 15.311 109 102 84 0.292682 0.334282 -0.895875
-1.733 -0.670 15.287 91 87 86 0.005587 0.988880 -0.148611
-1.607 -0.682 15.321 94 94 92 0.227313 0.313091 -0.922118
-1.730 -0.672 15.288 64 51 42 0.011813 0.995555 -0.093434
-1.754 -0.672 15.284 104 90 90 0.005336 0.995666 -0.092843
-1.734 -0.675 15.285 125 131 117 0.003306 0.990764 -0.135555
-1.729 -0.676 15.287 118 126 111 0.010443 0.980527 -0.196105
-1.794 -0.672 15.303 125 119 97 -0.003431 0.982463 -0.186428
-1.687 -0.666 15.306 29 30 14 0.309482 0.382660 -0.870513
-1.691 -0.668 15.309 30 30 20 0.282250 0.155305 -0.946686
-1.694 -0.677 15.310 121 114 108 0.320848 0.478901 -0.817135
-1.715 -0.667 15.301 70 61 54 0.372688 -0.082072 -0.924320
-1.673 -0.668 15.314 21 26 19 0.246783 0.485902 -0.838449
-1.778 -0.674 15.284 147 143 134 -0.014737 0.987397 -0.157575
-1.705 -0.667 15.306 96 84 72 0.343651 0.250061 -0.905192
-1.710 -0.670 15.305 35 26 31 0.360132 0.282427 -0.889123
-1.757 -0.674 15.282 152 142 141 -0.005711 0.983357 -0.181595
-1.601 -0.682 15.317 91 103 79 0.231867 0.391367 -0.890545
-1.633 -0.680 15.318 119 122 115 0.237901 0.379754 -0.893974
-1.722 -0.671 15.289 94 65 69 0.020722 0.964162 -0.264505
-1.720 -0.675 15.296 83 71 45 -0.222532 -0.620912 0.751630
-1.774 -0.674 15.283 163 143 145 0.003426 0.983367 -0.181597
-1.689 -0.669 15.311 28 32 15 0.323436 0.183420 -0.928303
-1.719 -0.670 15.298 50 42 57 0.013141 0.971242 -0.237733
-1.706 -0.677 15.304 113 111 90 0.367347 0.216343 -0.904573
-1.716 -0.676 15.296 130 121 82 0.326049 0.425892 -0.843983
-1.721 -0.673 15.289 110 87 73 0.048158 0.966874 -0.250671
