-0.500 -0.677 15.772 130 127 118 0.020941 0.993060 -0.115728
-0.477 -0.678 15.772 115 108 102 0.026363 0.986875 -0.159321
-0.472 -0.677 15.774 145 142 135 0.019065 0.990257 -0.137941
-0.455 -0.676 15.776 153 153 143 0.020987 0.993030 -0.115982
-0.478 -0.676 15.776 156 152 149 0.029209 0.982598 -0.183434
-0.469 -0.679 15.772 91 103 94 0.018589 0.993950 -0.108252
-0.463 -0.678 15.769 142 140 128 0.018769 0.992555 -0.120343
-0.503 -0.676 15.773 139 131 129 0.018992 0.990941 -0.132945
-0.483 -0.679 15.767 149 148 144 0.024280 0.983929 -0.176899
-0.496 -0.678 15.771 136 125 123 0.019241 0.988071 -0.152794
-0.477 -0.677 15.772 124 119 113 0.019386 0.986423 -0.163073
-0.455 -0.678 15.765 149 140 131 0.022051 0.983012 -0.182211
-0.455 -0.678 15.769 134 128 121 0.019241 0.988071 -0.152794
-0.505 -0.677 15.770 132 124 121 0.016780 0.990033 -0.139835
-0.469 -0.678 15.766 132 137 131 0.016557 0.992328 -0.122523
-0.496 -0.678 15.767 154 145 140 0.014433 0.991423 -0.129895
-0.468 -0.677 15.774 138 136 137 0.014130 0.994554 -0.103260
-0.485 -0.677 15.773 132 133 125 0.007544 0.994717 -0.102381
-0.487 -0.678 15.769 133 132 127 0.014213 0.993783 -0.110420
-0.485 -0.676 15.776 149 149 139 0.011931 0.994606 -0.103040
-0.506 -0.678 15.766 143 143 135 0.018878 0.991633 -0.127702
-0.456 -0.676 15.771 151 146 140 0.016689 0.991350 -0.130177
-0.473 -0.678 15.768 140 129 125 0.021756 0.985880 -0.166031
-0.510 -0.677 15.768 148 145 130 0.016876 0.988935 -0.147384
-0.491 -0.678 15.773 118 114 105 0.021307 0.990212 -0.137934
-0.490 -0.678 15.769 144 144 134 0.024290 0.984330 -0.174658
-0.504 -0.677 15.765 152 143 134 0.021797 0.985437 -0.168637
-0.478 -0.679 15.769 143 135 128 0.021969 0.983982 -0.176909
-0.467 -0.678 15.766 139 141 127 0.024472 0.982379 -0.185289
-0.464 -0.678 15.773 154 152 138 0.019423 0.985991 -0.165665
-0.467 -0.680 15.766 146 149 132 0.014460 0.991095 -0.132368
-0.458 -0.676 15.772 156 149 143 0.014267 0.993236 -0.115237
-0.473 -0.678 15.772 72 72 60 0.018769 0.992555 -0.120343
-0.464 -0.678 15.764 140 142 131 0.021232 0.991189 -0.130743
-0.482 -0.676 15.777 160 157 150 0.023782 0.988648 -0.148354
-0.482 -0.677 15.773 136 137 123 0.018992 0.990941 -0.132945
-0.468 -0.679 15.767 142 141 134 0.018409 0.995175 -0.096377
-0.482 -0.677 15.773 146 143 134 0.016430 0.993480 -0.112821
-0.459 -0.678 15.769 142 135 122 0.018883 0.991912 -0.125516
-0.472 -0.679 15.767 113 105 103 0.018810 0.992522 -0.120607
-0.456 -0.677 15.772 148 142 132 0.016399 0.993750 -0.110417
-0.490 -0.677 15.776 149 142 136 0.016785 0.990340 -0.137640
-0.500 -0.678 15.769 141 137 125 0.014267 0.993236 -0.115237
-0.344 -0.676 15.810 158 152 136 0.018625 0.993685 -0.110653
-0.388 -0.678 15.782 155 144 142 0.018589 0.993950 -0.108252
-0.401 -0.677 15.788 151 154 137 0.018481 0.994704 -0.101101
-0.397 -0.678 15.780 157 155 143 0.005316 0.996270 -0.086124
-0.446 -0.676 15.778 157 153 141 0.019168 0.988845 -0.147707
-0.437 -0.678 15.780 145 139 127 0.029209 0.982598 -0.183434
-0.370 -0.677 15.796 153 143 142 0.016272 0.994765 -0.100887
-0.406 -0.677 15.786 148 140 129 0.018625 0.993685 -0.110653
-0.442 -0.677 15.782 156 149 143 0.021266 0.990558 -0.135432
-0.406 -0.678 15.782 151 147 136 0.023556 0.990466 -0.135726
-0.424 -0.677 15.785 161 151 149 0.023782 0.988648 -0.148354
-0.326 -0.676 15.809 153 151 139 0.030837 0.987915 -0.151899
-0.420 -0.678 15.777 158 152 136 0.023691 0.989399 -0.143277
-0.438 -0.677 15.777 145 138 128 0.024008 0.986630 -0.161199
-0.451 -0.678 15.772 136 128 123 0.021674 0.986742 -0.160845
-0.425 -0.678 15.778 160 152 149 0.016594 0.992294 -0.122792
-0.352 -0.675 15.814 152 142 133 0.030611 0.989756 -0.139450
-0.389 -0.677 15.790 160 156 145 0.038301 0.985386 -0.165972
-0.337 -0.674 15.817 142 133 126 0.028282 0.989868 -0.139147
-0.451 -0.678 15.768 149 138 126 0.023737 0.989028 -0.145811
-0.392 -0.676 15.791 157 154 137 0.014158 0.994304 -0.105638
-0.361 -0.676 15.803 151 145 133 0.025756 0.991045 -0.131020
-0.401 -0.678 15.785 130 137 119 0.028500 0.988375 -0.149339
-0.375 -0.677 15.793 153 148 129 0.028544 0.987637 -0.154140
-0.447 -0.678 15.767 151 145 131 0.021429 0.989127 -0.145493
-0.335 -0.676 15.809 156 154 139 0.030847 0.988255 -0.149666
-0.433 -0.677 15.780 144 133 129 0.018950 0.990982 -0.132651
-0.366 -0.676 15.800 153 151 138 0.028391 0.989137 -0.144226
-0.358 -0.676 15.807 152 146 134 0.028273 0.989554 -0.141365
-0.376 -0.678 15.789 157 150 134 0.021104 0.991868 -0.125511
-0.433 -0.678 15.776 166 153 147 0.019503 0.985484 -0.168645
-0.334 -0.675 15.816 127 117 115 0.018805 0.992255 -0.122787
-0.402 -0.676 15.789 151 153 139 0.025855 0.990368 -0.136021
-0.330 -0.675 15.813 134 135 121 0.028381 0.988811 -0.146448
-0.356 -0.675 15.807 147 140 130 0.030906 0.987860 -0.152243
-0.384 -0.677 15.785 150 141 134 0.038901 0.981954 -0.185074
-0.374 -0.677 15.792 152 151 131 0.036120 0.984560 -0.171279
-0.335 -0.676 15.813 145 140 134 0.044058 0.979993 -0.194093
-0.411 -0.677 15.783 129 131 126 0.039339 0.978706 -0.201463
-0.358 -0.676 15.803 153 146 136 0.049199 0.977984 -0.202797
-0.396 -0.677 15.784 141 139 126 0.041195 0.982789 -0.180080
-0.428 -0.677 15.782 148 135 129 0.021600 0.987917 -0.153474
-0.379 -0.676 15.792 153 139 136 0.023556 0.990466 -0.135726
-0.348 -0.674 15.814 133 129 120 0.018661 0.993413 -0.113062
-0.446 -0.679 15.772 144 141 134 0.016850 0.989628 -0.142659
-0.447 -0.677 15.774 133 131 116 0.026652 0.983797 -0.177292
-0.442 -0.677 15.777 143 136 126 0.029645 0.978283 -0.205143
-0.429 -0.677 15.782 141 127 124 0.021846 0.985371 -0.169019
-0.343 -0.675 15.810 155 152 135 0.030966 0.987456 -0.154828
-0.379 -0.676 15.793 149 135 135 0.031072 0.986258 -0.162266
-0.332 -0.675 15.813 143 141 126 0.023608 0.990424 -0.136029
-0.376 -0.677 15.793 152 145 129 0.030847 0.988255 -0.149666
-0.356 -0.675 15.811 157 153 142 0.033130 0.988183 -0.149655
-0.402 -0.678 15.781 147 149 136 0.018841 0.991947 -0.125240
-0.420 -0.676 15.784 151 147 138 0.023511 0.990807 -0.133227
-0.370 -0.677 15.792 150 141 134 0.035560 0.987654 -0.152564
-0.339 -0.676 15.809 154 156 145 0.028500 0.988375 -0.149339
-0.397 -0.676 15.787 151 148 139 0.023563 0.990766 -0.133523
-0.353 -0.676 15.806 139 142 133 0.023330 0.992093 -0.123317
-0.388 -0.677 15.786 145 134 128 0.021104 0.991868 -0.125511
-0.392 -0.678 15.783 148 146 133 0.018449 0.995154 -0.096585
-0.451 -0.677 15.772 135 124 122 0.023246 0.992950 -0.116232
-0.327 -0.676 15.814 138 135 128 0.018665 0.993657 -0.110894
-0.330 -0.674 15.816 134 130 121 0.025558 0.992309 -0.121122
-0.339 -0.675 15.814 149 147 134 0.028273 0.989554 -0.141365
-0.343 -0.674 15.818 155 151 140 0.020941 0.993060 -0.115728
-0.451 -0.679 15.764 153 140 128 0.014127 0.994329 -0.105410
-0.427 -0.676 15.786 165 155 145 0.011631 0.997110 -0.075074
-0.425 -0.678 15.782 149 140 135 0.009610 0.996207 -0.086487
-0.379 -0.677 15.789 159 148 142 0.023337 0.992363 -0.121128
-0.324 -0.676 15.809 163 159 148 0.023201 0.993233 -0.113796
-0.366 -0.676 15.795 159 153 141 0.028336 0.989507 -0.141682
-0.414 -0.677 15.783 141 131 130 0.026113 0.988872 -0.146458
-0.430 -0.679 15.776 160 155 151 0.031616 0.982447 -0.183843
-0.442 -0.678 15.774 141 138 121 0.024280 0.983929 -0.176899
-0.384 -0.676 15.789 146 139 133 0.023601 0.990118 -0.138234
-0.321 -0.676 15.813 153 151 152 0.028327 0.989186 -0.143902
-0.392 -0.677 15.786 146 143 126 0.025955 0.989661 -0.141058
-0.450 -0.675 15.779 157 157 147 0.026563 0.985126 -0.169770
-0.420 -0.677 15.781 134 135 119 0.023926 0.987811 -0.153811
-0.508 -0.676 15.774 152 151 146 0.016434 0.993723 -0.110657
-0.510 -0.676 15.772 143 136 126 0.011908 0.994848 -0.100676
-0.513 -0.677 15.773 148 145 136 0.018986 0.990645 -0.135139
-0.513 -0.677 15.769 145 141 129 0.029373 0.981051 -0.191511
