-1.465 -0.674 14.488 157 147 146 0.016023 0.996657 -0.080117
-1.394 -0.673 14.506 132 122 120 0.011609 0.997278 -0.072817
-1.460 -0.674 14.489 154 154 146 0.020542 0.995754 -0.089737
-1.493 -0.675 14.479 144 134 132 0.018485 0.994921 -0.098948
-1.331 -0.673 14.519 161 156 152 0.003159 0.997037 -0.076857
-1.336 -0.674 14.515 157 146 142 0.007457 0.996055 -0.088420
-1.444 -0.674 14.496 158 155 146 0.014130 0.994554 -0.103260
-1.528 -0.674 14.479 155 147 136 0.007286 0.998212 -0.059331
-1.338 -0.674 14.514 146 145 127 0.005285 0.996669 -0.081382
-1.295 -0.672 14.537 174 157 165 0.005347 0.995648 -0.093041
-1.411 -0.673 14.506 134 129 125 0.011451 0.998294 -0.057254
-1.298 -0.672 14.536 176 160 163 0.005358 0.995428 -0.095364
-1.479 -0.674 14.488 156 154 141 0.030660 0.989071 -0.144216
-1.322 -0.673 14.527 161 150 144 0.012093 0.992721 -0.119830
-1.515 -0.675 14.474 140 128 132 0.018738 0.993104 -0.115733
-1.439 -0.675 14.497 160 151 142 0.018521 0.994681 -0.101320
-1.435 -0.674 14.502 160 161 153 0.022931 0.994786 -0.099369
-1.486 -0.675 14.481 156 155 150 0.040402 0.986956 -0.155835
-1.510 -0.675 14.479 142 142 132 0.011451 0.998294 -0.057254
-1.528 -0.675 14.471 141 139 127 0.013403 0.999016 -0.042270
-1.488 -0.675 14.484 155 151 150 0.020378 0.996376 -0.082584
-1.448 -0.674 14.497 158 157 153 0.016178 0.995457 -0.093830
-1.515 -0.675 14.470 154 143 141 0.009405 0.997922 -0.063742
-1.421 -0.674 14.504 146 138 135 0.011768 0.995981 -0.088793
-1.437 -0.674 14.495 155 151 142 0.016021 0.996484 -0.082239
-1.327 -0.674 14.519 167 158 159 0.007458 0.996241 -0.086305
-1.404 -0.675 14.501 164 153 157 0.009424 0.997913 -0.063875
-1.417 -0.675 14.502 154 150 147 0.013560 0.998261 -0.057371
-1.453 -0.675 14.492 160 158 143 0.011699 0.996572 -0.081895
-1.399 -0.674 14.505 125 129 115 0.017914 0.997905 -0.062171
-1.533 -0.675 14.467 156 153 146 0.011565 0.997737 -0.066235
-1.341 -0.673 14.514 156 151 145 0.005275 0.997016 -0.077018
-1.498 -0.675 14.479 146 134 134 0.018449 0.995154 -0.096585
-1.466 -0.673 14.493 154 150 141 0.025664 0.991968 -0.123857
-1.537 -0.674 14.479 138 147 128 0.015648 0.998348 -0.055290
-1.510 -0.675 14.475 134 123 121 0.011699 0.996572 -0.081895
-1.519 -0.674 14.479 152 149 140 0.009368 0.998195 -0.059330
-1.483 -0.675 14.484 158 156 157 0.020784 0.994368 -0.103922
-1.513 -0.674 14.475 141 127 127 0.018557 0.994435 -0.103701
-1.434 -0.674 14.505 153 147 147 0.018521 0.994681 -0.101320
-1.457 -0.674 14.497 155 145 143 0.033066 0.988571 -0.147088
-1.501 -0.676 14.479 135 131 130 0.033715 0.984711 -0.170900
-1.470 -0.674 14.492 153 148 143 0.043709 0.981678 -0.185467
-1.447 -0.675 14.492 161 152 153 0.028336 0.989507 -0.141682
-1.310 -0.672 14.528 156 158 153 0.012047 0.993294 -0.114990
-1.319 -0.673 14.527 167 163 160 0.009666 0.995578 -0.093436
-1.426 -0.674 14.505 160 151 142 0.013910 0.996140 -0.086667
-1.417 -0.674 14.507 130 129 124 0.011430 0.998530 -0.052992
-1.483 -0.676 14.479 160 158 145 0.020703 0.994856 -0.099159
-1.317 -0.672 14.528 154 153 149 0.012000 0.993839 -0.110184
-1.422 -0.674 14.500 157 158 153 0.009386 0.998061 -0.061531
-1.443 -0.673 14.505 153 149 138 0.018517 0.994460 -0.103476
-1.434 -0.675 14.497 166 154 158 0.011654 0.996937 -0.077339
-1.537 -0.674 14.475 148 149 135 0.015743 0.998085 -0.059822
-1.300 -0.672 14.532 167 159 161 0.014185 0.994047 -0.108025
-1.319 -0.673 14.523 167 157 156 0.014267 0.993236 -0.115237
-1.474 -0.674 14.488 148 146 147 0.023016 0.994066 -0.106311
-1.488 -0.676 14.478 148 154 142 0.030308 0.991170 -0.129088
-1.479 -0.674 14.484 155 155 145 0.027847 0.992481 -0.119187
-1.489 -0.675 14.483 147 146 151 0.025706 0.991372 -0.128532
-1.299 -0.671 14.536 161 162 153 0.012070 0.993011 -0.117406
-1.541 -0.674 14.480 140 141 135 0.013192 0.999538 -0.027398
-1.431 -0.674 14.497 156 150 150 0.015896 0.997196 -0.073121
-1.446 -0.673 14.505 154 153 148 0.013829 0.996717 -0.079780
-1.524 -0.675 14.470 143 142 138 0.011339 0.998859 -0.046387
-1.444 -0.675 14.492 161 162 154 0.016052 0.996291 -0.084540
-1.391 -0.674 14.508 140 122 120 0.011452 0.998411 -0.055178
-1.439 -0.674 14.507 158 152 152 0.011677 0.996757 -0.079613
-1.309 -0.672 14.532 154 153 149 0.014103 0.994798 -0.100890
-1.524 -0.675 14.474 140 140 132 0.016339 0.994497 -0.103480
-1.314 -0.673 14.527 165 165 165 0.007443 0.996257 -0.086123
-1.469 -0.674 14.493 145 144 139 0.025169 0.994711 -0.099581
-1.294 -0.671 14.541 181 162 164 0.011951 0.994127 -0.107561
-1.510 -0.675 14.471 139 140 126 0.011475 0.998287 -0.057373
-1.517 -0.674 14.480 154 148 148 0.013937 0.995936 -0.088980
-1.456 -0.673 14.500 146 145 141 0.009461 0.997618 -0.068330
-1.407 -0.674 14.505 141 141 141 0.009478 0.997311 -0.072666
-1.414 -0.674 14.502 158 153 150 0.011362 0.998854 -0.046482
-1.335 -0.673 14.518 156 146 145 0.007486 0.995634 -0.093040
-1.518 -0.676 14.470 151 151 143 0.016181 0.995656 -0.091691
-1.465 -0.673 14.496 149 135 132 0.040416 0.987309 -0.153581
-1.501 -0.676 14.475 154 144 143 0.016272 0.994765 -0.100887
-1.441 -0.675 14.500 166 157 150 0.021069 0.992445 -0.120868
-1.426 -0.674 14.498 156 156 144 0.018589 0.993950 -0.108252
-1.385 -0.674 14.506 149 145 144 0.011793 0.995963 -0.088983
-1.452 -0.674 14.501 151 140 136 0.016055 0.996469 -0.082415
-1.516 -0.675 14.477 149 139 140 0.009332 0.998557 -0.052883
-1.422 -0.675 14.497 153 155 141 0.016241 0.995002 -0.098526
-1.536 -0.675 14.471 156 147 140 0.013350 0.999189 -0.037996
-1.475 -0.675 14.483 161 157 148 0.030493 0.990459 -0.134395
-1.408 -0.674 14.501 166 166 156 0.005063 0.999429 -0.033416
-1.443 -0.673 14.503 166 157 148 0.009296 0.998778 -0.048545
-1.527 -0.674 14.474 148 136 136 0.013534 0.998385 -0.055177
-1.469 -0.675 14.487 163 155 153 0.023291 0.992660 -0.118676
-1.505 -0.675 14.479 156 150 154 0.023285 0.992396 -0.120862
-1.461 -0.673 14.497 141 142 128 0.033141 0.988518 -0.147421
-1.460 -0.674 14.493 152 154 143 0.032823 0.990344 -0.134687
-1.456 -0.674 14.492 162 159 154 0.020780 0.994140 -0.106085
-1.456 -0.675 14.488 155 163 148 0.022931 0.994786 -0.099369
-1.403 -0.674 14.506 123 115 102 0.005214 0.997961 -0.063611
-1.532 -0.674 14.474 142 133 138 0.013454 0.998726 -0.048643
-1.345 -0.674 14.514 163 152 148 0.001041 0.997849 -0.065552
-1.532 -0.675 14.470 155 151 142 0.019865 0.998489 -0.051231
-1.305 -0.671 14.536 167 160 152 -0.001034 0.998136 -0.061026
-1.305 -0.672 14.532 170 152 150 0.007502 0.995616 -0.093238
-1.452 -0.674 14.497 166 156 144 0.009331 0.998446 -0.054951
-1.466 -0.674 14.489 140 139 134 0.013777 0.997228 -0.073123
-1.532 -0.674 14.480 152 149 142 0.016118 0.996075 -0.087036
-1.448 -0.673 14.500 160 152 150 0.016209 0.995233 -0.096173
-1.430 -0.674 14.505 154 157 138 0.009608 0.996020 -0.088606
-1.438 -0.674 14.496 155 148 138 0.011588 0.997586 -0.068472
-1.519 -0.674 14.475 147 144 137 0.009350 0.998323 -0.057136
-1.417 -0.674 14.505 139 133 133 0.011609 0.997278 -0.072817
-1.443 -0.674 14.502 165 159 147 0.007244 0.998580 -0.052775
-1.426 -0.674 14.502 151 150 146 0.015929 0.997185 -0.073276
-1.439 -0.674 14.501 165 165 157 0.013994 0.995707 -0.091497
-1.470 -0.675 14.484 157 151 151 0.027793 0.992774 -0.116732
-1.322 -0.673 14.523 175 161 158 0.005264 0.997028 -0.076856
-1.430 -0.674 14.501 161 151 149 0.016272 0.994765 -0.100887
-1.327 -0.673 14.523 161 160 156 0.009701 0.994915 -0.100246
-1.440 -0.675 14.491 161 160 156 0.018445 0.994943 -0.098735
-1.390 -0.674 14.505 142 140 127 0.014048 0.995265 -0.096177
-1.505 -0.675 14.474 135 132 123 0.018738 0.993104 -0.115733
-1.524 -0.675 14.478 143 146 135 0.011563 0.997596 -0.068328
-1.413 -0.674 14.502 162 157 153 0.013589 0.998254 -0.057491
-1.448 -0.675 14.489 161 155 159 0.018266 0.996038 -0.087032
-1.291 -0.672 14.541 167 163 152 0.018986 0.990645 -0.135139
-1.514 -0.674 14.480 162 151 147 0.018020 0.997461 -0.068900
-1.434 -0.675 14.493 169 159 158 0.020744 0.994616 -0.101536
-1.599 -0.672 14.476 141 141 131 0.015774 0.997949 -0.062043
-1.603 -0.673 14.472 142 139 132 0.017841 0.998050 -0.059820
-1.594 -0.673 14.474 150 143 125 0.015527 0.998888 -0.044510
-1.602 -0.672 14.475 143 141 144 0.013349 0.999109 -0.040046
-1.572 -0.674 14.479 148 152 153 0.013270 0.999344 -0.033686
-1.587 -0.674 14.479 159 148 142 0.013218 0.999478 -0.029486
-1.569 -0.674 14.479 154 152 139 0.017666 0.998650 -0.048841
-1.574 -0.674 14.478 157 156 151 0.007019 0.999754 -0.021058
-1.590 -0.674 14.475 141 146 124 0.013245 0.999476 -0.029546
-1.590 -0.674 14.480 149 148 143 0.013350 0.999189 -0.037996
-1.577 -0.674 14.478 157 151 135 0.015710 0.998093 -0.059697
-1.582 -0.674 14.480 162 148 147 0.015803 0.997670 -0.066371
-1.587 -0.674 14.475 149 136 127 0.017771 0.998306 -0.055403
-1.291 -0.672 14.532 165 163 151 0.014405 0.991743 -0.127431
-1.389 -0.674 14.501 162 161 156 0.021104 0.991868 -0.125511
-1.539 -0.675 14.467 164 157 147 0.015958 0.996852 -0.077663
-1.306 -0.672 14.528 169 157 159 0.012043 0.993041 -0.117150
-1.345 -0.674 14.510 163 159 156 0.014350 0.992361 -0.122527
-1.290 -0.672 14.536 156 156 154 0.007502 0.995616 -0.093238
-1.313 -0.673 14.523 166 161 158 0.016657 0.991672 -0.127707
-1.376 -0.674 14.501 155 151 142 0.011885 0.995084 -0.098320
-1.295 -0.672 14.532 179 159 160 0.005347 0.995648 -0.093041
-1.434 -0.676 14.492 166 158 156 0.023382 0.992058 -0.123590
-1.367 -0.675 14.506 162 162 152 0.016657 0.991672 -0.127707
-1.394 -0.674 14.500 169 158 152 0.016594 0.992294 -0.122792
-1.405 -0.675 14.497 171 163 161 0.009296 0.998778 -0.048545
-1.399 -0.675 14.501 152 158 144 0.018557 0.994435 -0.103701
-1.359 -0.674 14.506 171 159 159 0.007487 0.995830 -0.090919
-1.376 -0.674 14.506 158 151 143 0.011836 0.995333 -0.095767
-1.389 -0.674 14.504 152 150 138 0.007272 0.998340 -0.057137
-1.540 -0.675 14.472 147 144 137 0.013376 0.999105 -0.040129
-1.384 -0.674 14.499 163 163 155 0.013991 0.995509 -0.093632
-1.385 -0.675 14.502 159 156 151 0.011859 0.995105 -0.098109
-1.394 -0.674 14.496 163 162 160 0.016209 0.995233 -0.096173
-1.381 -0.675 14.505 161 147 146 0.019211 0.988795 -0.148037
-1.413 -0.674 14.497 162 158 159 0.021150 0.991832 -0.125788
-1.296 -0.672 14.531 166 146 145 0.014236 0.993265 -0.114987
-1.372 -0.674 14.505 167 156 158 0.011885 0.995084 -0.098320
-1.417 -0.675 14.496 163 153 141 0.009295 0.998676 -0.050605
-1.385 -0.675 14.496 160 155 161 0.003110 0.998248 -0.059086
-1.398 -0.675 14.497 158 162 148 0.011520 0.998023 -0.061787
-1.541 -0.675 14.470 155 150 146 0.013375 0.999020 -0.042183
-1.350 -0.674 14.510 167 158 149 0.003134 0.997543 -0.069985
-1.301 -0.672 14.528 154 150 146 0.007529 0.994956 -0.100033
-1.367 -0.675 14.502 160 160 152 0.009760 0.994404 -0.105188
-1.363 -0.675 14.505 163 154 151 0.011882 0.994870 -0.100459
-1.387 -0.675 14.501 166 157 158 0.009460 0.997472 -0.070422
-1.381 -0.675 14.501 169 153 154 0.009608 0.996020 -0.088606
-1.537 -0.676 14.467 159 156 151 0.009097 0.999639 -0.025269
-1.324 -0.673 14.518 155 155 153 -0.001024 0.998840 -0.048149
-1.309 -0.673 14.524 162 163 157 0.001026 0.998629 -0.052343
-1.390 -0.675 14.497 172 168 159 0.005163 0.998488 -0.054726
-1.315 -0.674 14.523 165 164 146 0.005285 0.996838 -0.079282
-1.360 -0.674 14.505 169 160 153 0.003140 0.997533 -0.070131
-1.406 -0.674 14.497 166 162 153 0.007102 0.999414 -0.033483
-1.373 -0.675 14.501 155 146 141 0.003104 0.998375 -0.056902
-1.599 -0.674 14.467 151 145 129 0.013456 0.998824 -0.046577
-1.607 -0.672 14.467 151 142 137 0.011228 0.999299 -0.035726
-1.598 -0.673 14.471 126 130 116 0.013428 0.998829 -0.046481
-1.595 -0.673 14.467 144 147 130 0.011407 0.998643 -0.050814
-1.595 -0.673 14.471 136 139 128 0.011206 0.999372 -0.033618
-1.554 -0.675 14.475 159 143 143 0.013350 0.999189 -0.037996
-1.559 -0.675 14.470 159 149 140 0.015403 0.999159 -0.037995
-1.543 -0.674 14.478 154 147 137 0.017666 0.998650 -0.048841
-1.590 -0.674 14.467 146 147 139 0.015619 0.998575 -0.051022
-1.559 -0.675 14.474 154 146 144 0.013589 0.998254 -0.057491
-1.585 -0.673 14.470 154 147 131 0.013535 0.998497 -0.053100
-1.550 -0.674 14.478 155 141 140 0.018413 0.995380 -0.094231
-1.542 -0.675 14.475 150 147 142 0.018053 0.997149 -0.073273
-1.569 -0.674 14.471 149 143 145 0.011497 0.998158 -0.059576
-1.545 -0.674 14.475 139 147 134 0.013589 0.998254 -0.057491
-1.550 -0.674 14.474 150 137 129 0.013642 0.997988 -0.061915
-1.555 -0.675 14.467 147 144 135 0.015588 0.998685 -0.048843
-1.582 -0.674 14.470 155 148 140 0.017703 0.998645 -0.048943
-1.574 -0.674 14.470 148 139 140 0.015435 0.999156 -0.038073
-1.569 -0.674 14.475 155 152 135 0.015898 0.997349 -0.071012
-1.564 -0.674 14.476 154 152 140 0.018053 0.997149 -0.073273
-1.554 -0.675 14.471 147 147 137 0.017949 0.997762 -0.064406
-1.546 -0.675 14.471 155 145 144 0.020378 0.996376 -0.082584
-1.577 -0.675 14.470 143 144 130 0.015929 0.997185 -0.073276
-1.582 -0.674 14.474 152 150 135 0.015712 0.998216 -0.057610
-1.590 -0.674 14.471 142 146 131 0.017914 0.997905 -0.062171
-1.572 -0.674 14.477 148 152 151 0.015648 0.998348 -0.055290
-1.548 -0.675 14.478 153 148 145 0.016055 0.996469 -0.082415
-1.550 -0.674 14.470 153 149 140 0.020663 0.995090 -0.096790
-1.540 -0.675 14.476 160 149 143 0.018413 0.995380 -0.094231
-1.574 -0.674 14.474 156 147 130 0.013777 0.997228 -0.073123
-1.559 -0.674 14.480 160 154 138 0.016149 0.995869 -0.089359
-1.564 -0.674 14.471 160 148 158 0.018124 0.996802 -0.077825
-1.564 -0.674 14.467 156 158 145 0.020498 0.995772 -0.089544
-1.577 -0.674 14.474 154 145 128 0.018091 0.997136 -0.073428
-1.556 -0.674 14.480 157 147 138 0.016178 0.995457 -0.093830
-1.564 -0.674 14.479 157 155 140 0.022042 0.998208 -0.055631
