-1.821 -0.667 14.788 156 144 148 -0.577350 -0.577350 -0.577350
-1.830 -0.667 14.791 151 144 138 -0.577350 -0.577350 -0.577350
-1.845 -0.668 14.793 153 147 147 -0.577350 -0.577350 -0.577350
-1.835 -0.667 14.795 136 132 129 -0.577350 -0.577350 -0.577350
-1.799 -0.666 14.787 173 166 160 -0.577350 -0.577350 -0.577350
-1.801 -0.666 14.787 170 161 154 -0.577350 -0.577350 -0.577350
-1.839 -0.667 14.796 168 164 153 -0.577350 -0.577350 -0.577350
-1.797 -0.665 14.796 141 134 126 -0.577350 -0.577350 -0.577350
-1.835 -0.667 14.792 141 140 138 -0.577350 -0.577350 -0.577350
-1.799 -0.666 14.792 153 138 131 -0.577350 -0.577350 -0.577350
-1.845 -0.668 14.797 163 154 149 -0.577350 -0.577350 -0.577350
-1.826 -0.667 14.788 162 156 140 -0.577350 -0.577350 -0.577350
-1.776 -0.666 14.800 142 139 130 -0.577350 -0.577350 -0.577350
-1.803 -0.666 14.796 133 130 121 -0.577350 -0.577350 -0.577350
-1.826 -0.667 14.795 161 151 149 -0.577350 -0.577350 -0.577350
-1.861 -0.668 14.797 147 145 124 -0.577350 -0.577350 -0.577350
-1.793 -0.666 14.788 168 166 154 -0.577350 -0.577350 -0.577350
-1.782 -0.666 14.801 151 144 136 -0.577350 -0.577350 -0.577350
-1.848 -0.669 14.797 156 157 152 -0.025728 0.999283 -0.027786
-1.852 -0.669 14.796 144 146 135 -0.577350 -0.577350 -0.577350
-1.812 -0.667 14.796 159 154 148 -0.577350 -0.577350 -0.577350
-1.793 -0.666 14.792 149 145 136 -0.577350 -0.577350 -0.577350
-1.782 -0.666 14.795 144 137 131 -0.577350 -0.577350 -0.577350
-1.786 -0.666 14.796 142 137 134 -0.577350 -0.577350 -0.577350
-1.820 -0.667 14.793 142 142 134 -0.577350 -0.577350 -0.577350
-1.776 -0.666 14.803 139 136 127 -0.577350 -0.577350 -0.577350
-1.816 -0.666 14.792 149 144 141 -0.577350 -0.577350 -0.577350
-1.839 -0.667 14.792 146 141 135 -0.577350 -0.577350 -0.577350
-1.858 -0.668 14.792 158 152 138 -0.577350 -0.577350 -0.577350
-1.865 -0.668 14.801 152 144 133 -0.023859 0.998978 -0.038382
-1.858 -0.668 14.797 150 150 142 -0.577350 -0.577350 -0.577350
-1.827 -0.666 14.791 146 144 132 -0.577350 -0.577350 -0.577350
-1.809 -0.667 14.791 172 161 157 -0.577350 -0.577350 -0.577350
-1.799 -0.666 14.800 163 157 143 -0.011295 0.999134 -0.040048
-1.778 -0.667 14.797 154 144 135 -0.577350 -0.577350 -0.577350
-1.822 -0.666 14.797 151 152 136 -0.577350 -0.577350 -0.577350
-1.780 -0.666 14.804 148 149 141 -0.577350 -0.577350 -0.577350
-1.824 -0.667 14.791 140 134 134 -0.577350 -0.577350 -0.577350
-1.793 -0.666 14.800 162 161 157 -0.033142 0.997458 -0.063076
-1.817 -0.666 14.797 154 149 143 -0.577350 -0.577350 -0.577350
-1.803 -0.666 14.791 159 156 151 -0.577350 -0.577350 -0.577350
-1.778 -0.666 14.799 151 147 138 -0.577350 -0.577350 -0.577350
-1.848 -0.669 14.792 148 147 143 -0.577350 -0.577350 -0.577350
-1.790 -0.666 14.792 166 151 148 -0.577350 -0.577350 -0.577350
-1.813 -0.667 14.787 174 166 163 -0.577350 -0.577350 -0.577350
-1.789 -0.666 14.797 143 142 138 -0.577350 -0.577350 -0.577350
-1.793 -0.666 14.795 142 134 132 -0.577350 -0.577350 -0.577350
-1.861 -0.668 14.800 146 147 131 -0.577350 -0.577350 -0.577350
-1.786 -0.666 14.801 153 146 138 -0.577350 -0.577350 -0.577350
-1.813 -0.667 14.792 175 168 158 -0.577350 -0.577350 -0.577350
-1.869 -0.667 14.803 166 162 153 -0.577350 -0.577350 -0.577350
-1.830 -0.667 14.796 145 137 134 -0.577350 -0.577350 -0.577350
-1.842 -0.668 14.797 174 167 159 -0.577350 -0.577350 -0.577350
-1.801 -0.666 14.791 153 146 138 -0.577350 -0.577350 -0.577350
-1.809 -0.667 14.788 175 164 158 -0.577350 -0.577350 -0.577350
-1.790 -0.666 14.800 149 152 145 -0.577350 -0.577350 -0.577350
-1.853 -0.668 14.791 163 158 152 -0.577350 -0.577350 -0.577350
-1.808 -0.667 14.795 155 146 147 -0.577350 -0.577350 -0.577350
-1.858 -0.668 14.799 154 151 146 -0.577350 -0.577350 -0.577350
-1.801 -0.666 14.796 139 130 131 -0.577350 -0.577350 -0.577350
