-2.056 -0.667 14.251 139 121 111 -0.006910 0.999964 -0.004936
-2.154 -0.668 14.246 123 124 119 0.002996 0.999815 -0.018978
-2.092 -0.668 14.255 106 102 90 -0.002973 0.999913 -0.012883
-2.217 -0.667 14.241 140 137 132 0.004955 0.999928 -0.010901
-2.192 -0.667 14.240 151 150 130 0.000987 0.999960 -0.008884
-2.158 -0.668 14.238 159 155 144 0.002967 0.999936 -0.010880
-2.214 -0.667 14.241 139 137 125 0.000991 0.999917 -0.012883
-2.158 -0.669 14.245 134 135 127 0.004984 0.999844 -0.016947
-2.123 -0.669 14.251 122 122 98 0.000995 0.999856 -0.016913
-2.181 -0.668 14.237 132 130 117 0.002961 0.999972 -0.006910
-2.234 -0.668 14.247 147 147 145 0.004975 0.999904 -0.012934
-2.075 -0.668 14.255 135 126 111 -0.002938 0.999995 0.000979
-2.153 -0.668 14.237 168 164 152 0.002956 0.999972 -0.006896
-2.209 -0.667 14.242 144 140 131 0.008990 0.999875 -0.012985
-2.179 -0.667 14.241 143 129 129 -0.000978 0.999999 -0.000978
-2.146 -0.669 14.249 127 131 121 0.000989 0.999917 -0.012857
-2.225 -0.668 14.242 149 141 138 0.004984 0.999876 -0.014953
-2.067 -0.667 14.250 89 96 80 -0.006964 0.999892 -0.012934
-2.084 -0.667 14.256 117 115 102 -0.004945 0.999964 -0.006924
-2.225 -0.668 14.246 146 141 137 0.002967 0.999936 -0.010880
-2.133 -0.668 14.249 123 125 111 -0.005113 0.999020 0.043969
-2.038 -0.667 14.245 129 122 103 -0.004955 0.999928 -0.010901
-2.203 -0.667 14.237 146 141 137 0.002967 0.999956 -0.008902
-2.225 -0.668 14.238 148 141 135 0.002973 0.999936 -0.010901
-2.170 -0.668 14.236 138 134 125 0.004984 0.999844 -0.016947
-2.120 -0.668 14.251 144 139 120 0.000983 0.999976 -0.006883
-2.168 -0.668 14.241 127 124 115 -0.000979 0.999995 -0.002938
-2.172 -0.667 14.238 144 141 134 0.000979 0.999995 -0.002938
-2.187 -0.668 14.238 148 148 136 0.002944 0.999995 -0.000981
-2.147 -0.668 14.241 147 145 146 -0.000981 0.999995 -0.002944
-2.059 -0.667 14.251 122 102 95 -0.002950 0.999991 -0.002950
-2.201 -0.668 14.242 133 135 121 0.000981 0.999995 -0.002944
-2.151 -0.668 14.241 147 144 139 0.002985 0.999884 -0.014924
-2.209 -0.667 14.250 159 156 151 0.004975 0.999904 -0.012934
-2.092 -0.668 14.249 131 131 123 -0.005014 0.999721 -0.023063
-2.150 -0.667 14.237 160 153 143 0.005014 0.999721 -0.023063
-2.209 -0.668 14.247 156 140 143 0.005004 0.999767 -0.021016
-2.214 -0.667 14.245 140 138 123 0.002996 0.999815 -0.018978
-2.072 -0.667 14.251 129 121 100 -0.004965 0.999928 -0.010923
-2.124 -0.668 14.245 134 122 108 0.000987 0.999960 -0.008884
-2.214 -0.667 14.249 157 153 144 0.004955 0.999948 -0.008919
-2.069 -0.668 14.259 125 117 106 0.003068 0.999028 0.043970
-2.052 -0.668 14.263 149 159 150 -0.006924 0.999952 -0.006924
-2.037 -0.667 14.242 132 132 124 -0.004936 0.999964 -0.006910
-2.067 -0.668 14.260 148 142 128 -0.002956 0.999984 -0.004926
-2.138 -0.668 14.246 154 143 137 0.002950 0.999984 -0.004916
-2.098 -0.668 14.246 145 127 123 -0.004975 0.999876 -0.014924
-2.040 -0.668 14.251 143 136 128 -0.002950 0.999991 -0.002950
-2.182 -0.668 14.241 140 129 123 0.002979 0.999912 -0.012908
-2.200 -0.668 14.245 133 133 125 0.004945 0.999964 -0.006924
-2.079 -0.668 14.253 121 122 106 -0.002973 0.999913 -0.012883
-2.203 -0.667 14.245 135 137 126 0.002950 0.999991 -0.002950
-2.084 -0.667 14.250 139 136 129 -0.004926 0.999976 -0.004926
-2.044 -0.667 14.240 165 152 144 -0.002973 0.999913 -0.012883
-2.112 -0.669 14.255 132 133 117 -0.000981 0.999995 -0.002944
-2.164 -0.668 14.237 148 147 129 -0.000981 0.999987 -0.004907
-2.087 -0.668 14.258 121 116 112 -0.004984 0.999876 -0.014953
-2.225 -0.668 14.250 135 135 125 0.000991 0.999917 -0.012883
-2.154 -0.668 14.241 147 144 135 0.002985 0.999852 -0.016913
-2.101 -0.668 14.254 129 125 126 -0.002961 0.999972 -0.006910
-2.079 -0.668 14.259 132 125 119 -0.004936 0.999976 -0.004936
-2.203 -0.667 14.241 143 134 125 0.002979 0.999912 -0.012908
-2.223 -0.668 14.236 150 144 132 0.002961 0.999956 -0.008884
-2.160 -0.668 14.245 138 138 128 0.002961 0.999972 -0.006910
-2.066 -0.667 14.254 118 113 110 -0.004907 0.999987 -0.000981
-2.146 -0.668 14.247 135 132 130 0.002944 0.999995 0.000981
-2.106 -0.668 14.247 114 113 95 -0.002938 0.999995 0.000979
-2.049 -0.668 14.259 154 148 155 -0.002944 0.999991 -0.002944
-2.237 -0.668 14.243 137 137 129 0.002985 0.999884 -0.014924
-2.089 -0.667 14.256 113 114 96 -0.002967 0.999956 -0.008902
-2.049 -0.668 14.255 130 131 119 -0.010987 0.999855 -0.012985
-2.157 -0.668 14.243 141 141 131 -0.000989 0.999917 -0.012857
-2.053 -0.667 14.250 151 138 132 -0.004945 0.999948 -0.008902
-2.231 -0.668 14.241 138 139 134 0.004936 0.999964 -0.006910
-2.100 -0.667 14.246 134 121 112 0.000989 0.999917 -0.012857
-2.141 -0.669 14.250 145 135 134 0.002991 0.999852 -0.016947
-2.195 -0.668 14.246 146 141 137 0.002991 0.999852 -0.016947
-2.057 -0.668 14.256 127 122 116 -0.006992 0.999831 -0.016980
-2.161 -0.667 14.237 153 150 135 0.002973 0.999913 -0.012883
-2.139 -0.669 14.251 121 123 112 0.000985 0.999960 -0.008867
-2.062 -0.668 14.259 132 130 107 -0.004955 0.999928 -0.010901
-2.192 -0.667 14.237 133 133 121 0.002967 0.999956 -0.008902
-2.211 -0.668 14.246 135 126 119 0.004955 0.999928 -0.010901
-2.040 -0.668 14.254 153 146 138 -0.004955 0.999948 -0.008919
-2.222 -0.667 14.242 142 133 134 0.000987 0.999960 -0.008884
-2.100 -0.667 14.250 127 113 110 -0.003002 0.999775 0.021016
-2.132 -0.667 14.242 169 157 157 -0.005043 0.999559 0.029250
-2.116 -0.668 14.245 125 132 114 0.005023 -0.999672 -0.025117
-2.056 -0.667 14.253 127 114 105 -0.002973 0.999936 -0.010901
-2.142 -0.668 14.242 142 139 132 0.000985 0.999960 -0.008867
-2.128 -0.668 14.250 125 121 112 0.000981 0.999987 -0.004907
-2.062 -0.668 14.255 119 106 90 -0.006978 0.999892 -0.012960
-2.201 -0.668 14.238 150 142 140 0.004936 0.999976 -0.004936
-2.132 -0.668 14.247 146 137 130 -0.009369 0.998316 0.057255
-2.223 -0.668 14.250 154 155 150 0.004945 0.999964 -0.006924
-2.187 -0.668 14.242 140 141 123 0.004907 0.999987 0.000981
-2.135 -0.668 14.242 155 157 146 0.000983 0.999987 -0.004916
-2.044 -0.668 14.254 137 126 120 -0.006896 0.999972 -0.002956
-2.232 -0.667 14.237 143 141 126 0.002967 0.999956 -0.008902
-2.211 -0.667 14.237 142 134 132 0.006992 0.999863 -0.014983
-2.130 -0.669 14.250 122 115 109 -0.000987 0.999960 -0.008884
-2.151 -0.668 14.246 122 120 121 0.000995 0.999821 0.018902
-2.045 -0.668 14.259 164 157 149 -0.006924 0.999964 -0.004945
-2.214 -0.667 14.237 133 132 127 0.002967 0.999936 -0.010880
-2.208 -0.668 14.238 147 141 141 0.000981 0.999995 -0.002944
-2.211 -0.668 14.234 147 148 142 0.000985 0.999976 -0.006896
-2.214 -0.667 14.243 142 140 125 0.002961 0.999956 -0.008884
-2.217 -0.668 14.237 141 141 131 0.002979 0.999885 -0.014894
-2.195 -0.668 14.236 125 131 129 0.002973 0.999936 -0.010901
-2.112 -0.668 14.246 132 133 119 0.000985 0.999960 -0.008867
-2.200 -0.668 14.233 141 142 137 0.006964 0.999892 -0.012934
-2.137 -0.667 14.241 154 153 148 0.007019 0.999754 -0.021058
-2.052 -0.668 14.255 136 128 115 -0.004936 0.999976 -0.004936
-2.052 -0.668 14.259 145 139 139 -0.004945 0.999948 -0.008902
-2.055 -0.668 14.263 142 150 135 -0.002950 0.999984 -0.004916
-2.057 -0.668 14.260 146 141 137 -0.004936 0.999976 -0.004936
-2.083 -0.667 14.254 113 112 92 -0.004916 0.999984 -0.002950
-2.098 -0.668 14.255 116 115 111 -0.000983 0.999987 -0.004916
-2.049 -0.667 14.251 134 128 110 -0.002938 0.999995 0.000979
-2.115 -0.668 14.254 137 130 124 -0.002944 0.999991 -0.002944
-2.084 -0.667 14.247 138 136 124 0.000981 0.999987 -0.004907
-2.141 -0.668 14.246 150 138 142 0.002961 0.999956 -0.008884
-2.069 -0.668 14.255 130 125 119 -0.000978 0.999999 -0.000978
-2.115 -0.668 14.250 137 128 119 -0.009313 0.998563 0.052774
-2.089 -0.667 14.249 131 129 117 -0.004916 0.999984 -0.002950
-2.107 -0.668 14.254 127 117 107 -0.002944 0.999995 -0.000981
-2.061 -0.667 14.251 119 104 109 -0.002950 0.999991 -0.002950
-2.203 -0.667 14.233 126 126 124 0.002950 0.999991 -0.002950
-2.036 -0.667 14.245 120 123 106 -0.008937 0.999920 -0.008937
-2.079 -0.667 14.251 125 127 116 0.002944 0.999995 0.000981
-2.129 -0.668 14.245 160 149 147 -0.000978 0.999999 -0.000978
-2.234 -0.668 14.241 140 140 130 0.000979 0.999995 -0.002938
-2.223 -0.668 14.246 136 135 131 0.000981 0.999995 -0.002944
-2.112 -0.669 14.251 135 125 123 -0.002973 0.999913 -0.012883
-2.212 -0.668 14.250 165 156 157 -0.000993 0.999857 -0.016879
-2.164 -0.668 14.241 142 133 126 0.002967 0.999956 -0.008902
-2.119 -0.667 14.246 106 114 91 -0.000985 0.999976 -0.006896
-2.217 -0.668 14.251 162 160 147 0.004994 0.999843 -0.016980
-2.039 -0.668 14.241 163 142 141 -0.000981 0.999987 -0.004907
-2.194 -0.668 14.242 143 141 120 0.004965 0.999904 -0.012908
-2.074 -0.668 14.259 137 132 126 0.000978 0.999999 -0.000978
-2.044 -0.668 14.250 124 117 107 -0.002979 0.999885 -0.014894
-2.074 -0.668 14.250 141 139 118 -0.000987 0.999960 -0.008884
-2.231 -0.668 14.245 146 145 143 0.005034 0.999671 -0.025168
-2.083 -0.667 14.252 114 113 108 -0.002979 0.999885 -0.014894
-2.107 -0.668 14.250 104 108 83 -0.000989 0.999917 -0.012857
-2.098 -0.668 14.251 125 119 121 -0.002979 0.999912 -0.012908
-2.159 -0.669 14.243 136 134 122 0.000987 0.999941 -0.010858
-2.044 -0.667 14.246 141 132 127 -0.006910 0.999964 -0.004936
-2.178 -0.668 14.237 145 134 130 0.000987 0.999941 -0.010858
-2.217 -0.668 14.247 151 152 138 0.000983 0.999976 -0.006883
-2.135 -0.668 14.246 154 141 133 -0.000981 0.999987 -0.004907
-2.035 -0.668 14.237 145 147 141 -0.004945 0.999948 -0.008902
-2.040 -0.668 14.232 166 164 151 -0.005024 0.999720 -0.023109
-2.039 -0.668 14.238 159 151 140 0.000985 0.999960 -0.008867
-2.035 -0.668 14.229 135 133 118 -0.017082 0.999793 -0.011053
-2.035 -0.668 14.233 156 144 128 -0.002956 0.999972 -0.006896
-2.031 -0.667 14.237 145 141 138 -0.010858 0.999941 0.000987
-2.031 -0.667 14.233 147 135 121 -0.000981 0.999995 -0.002944
-2.026 -0.668 14.228 113 113 103 -0.004907 0.999987 -0.000981
-2.029 -0.667 14.232 126 128 107 -0.000979 0.999999 -0.000979
-2.026 -0.667 14.224 122 115 107 -0.006924 0.999952 -0.006924
-2.028 -0.668 14.224 129 122 112 -0.002944 0.999995 0.000981
-2.029 -0.667 14.228 135 128 118 -0.006965 0.999916 -0.010944
-2.021 -0.668 14.224 149 131 127 -0.002938 0.999995 0.000979
-2.031 -0.667 14.227 130 124 112 -0.010988 0.999879 -0.010988
-2.031 -0.667 14.225 129 126 121 -0.004965 0.999904 -0.012908
