-0.482 -0.678 15.362 163 153 140 -0.003067 0.998936 -0.046010
-0.482 -0.678 15.358 158 146 132 -0.003044 0.999291 -0.037537
-0.473 -0.676 15.358 155 155 145 -0.000999 0.999780 -0.020974
-0.455 -0.677 15.351 150 148 136 0.000995 0.999856 -0.016913
-0.477 -0.677 15.356 156 149 141 -0.001005 0.999632 -0.027126
-0.473 -0.676 15.354 151 150 145 0.004965 0.999904 -0.012908
-0.468 -0.676 15.356 153 150 141 0.001003 0.999685 -0.025067
-0.455 -0.676 15.355 158 151 145 -0.001020 0.999036 -0.043880
-0.464 -0.677 15.358 153 152 138 -0.003086 0.998724 -0.050399
-0.480 -0.677 15.357 155 148 138 -0.005014 0.999721 -0.023063
-0.454 -0.677 15.351 150 144 132 -0.001014 0.999217 -0.039563
-0.490 -0.677 15.361 156 149 139 -0.005214 0.997961 -0.063611
-0.461 -0.677 15.354 160 154 135 0.002973 0.999913 -0.012883
-0.478 -0.678 15.360 161 153 141 0.000991 0.999889 -0.014865
-0.480 -0.677 15.361 165 156 141 -0.007444 0.996437 -0.084011
-0.455 -0.677 15.355 150 147 137 -0.007271 0.998219 -0.059208
-0.464 -0.677 15.355 158 152 143 -0.003061 0.999032 -0.043880
-0.477 -0.677 15.359 156 157 141 -0.007357 0.997340 -0.072515
-0.468 -0.677 15.352 158 154 143 -0.005163 0.998599 -0.052667
-0.486 -0.677 15.360 156 150 138 -0.003032 0.999439 -0.033348
-0.478 -0.678 15.356 156 153 137 -0.006964 0.999892 -0.012934
-0.452 -0.677 15.350 147 139 134 -0.003038 0.999367 -0.035439
-0.441 -0.677 15.350 156 154 141 -0.001010 0.999374 -0.035367
-0.437 -0.677 15.352 156 149 131 0.004916 0.999984 -0.002950
-0.428 -0.677 15.350 143 133 124 -0.005245 0.997514 -0.070277
-0.446 -0.677 15.352 168 159 142 -0.005244 0.997364 -0.072364
-0.461 -0.677 15.350 162 152 138 -0.007385 0.997002 -0.077017
-0.464 -0.677 15.350 169 157 148 -0.005173 0.998366 -0.056902
-0.459 -0.678 15.345 158 150 139 -0.001018 0.999040 -0.043791
-0.477 -0.678 15.352 164 161 147 -0.000999 0.999736 -0.022971
-0.473 -0.677 15.351 161 158 151 -0.001010 0.999374 -0.035367
-0.464 -0.678 15.347 164 154 142 -0.003032 0.999439 -0.033348
-0.455 -0.677 15.347 150 148 132 -0.001011 0.999443 -0.033348
-0.477 -0.677 15.352 165 163 142 -0.001013 0.999371 -0.035439
-0.454 -0.677 15.347 153 150 133 -0.003091 0.998503 -0.054614
-0.427 -0.678 15.339 168 164 152 -0.000991 0.999889 -0.014865
-0.372 -0.678 15.332 164 155 146 -0.003115 0.997987 -0.063348
-0.410 -0.678 15.338 168 161 150 -0.007342 0.997501 -0.070276
-0.392 -0.678 15.333 163 157 143 -0.005264 0.997028 -0.076856
-0.445 -0.677 15.347 154 145 130 -0.003098 0.998497 -0.054726
-0.369 -0.678 15.335 142 143 125 0.001022 0.998940 -0.046011
-0.383 -0.677 15.334 165 159 147 -0.005264 0.997028 -0.076856
-0.321 -0.679 15.329 160 147 138 -0.005264 0.997028 -0.076856
-0.357 -0.678 15.336 150 148 127 -0.005274 0.996852 -0.079115
-0.397 -0.677 15.342 154 147 141 -0.001028 0.998623 -0.052451
-0.396 -0.677 15.338 160 155 152 -0.007458 0.996241 -0.086305
-0.352 -0.679 15.329 166 156 144 0.003026 0.999507 -0.031266
-0.414 -0.677 15.342 165 154 150 -0.007144 0.999182 -0.039804
-0.414 -0.678 15.339 169 160 155 -0.000995 0.999821 -0.018902
-0.387 -0.678 15.339 150 152 139 0.005133 0.998919 -0.046199
-0.423 -0.678 15.341 163 159 148 -0.009552 0.996609 -0.081724
-0.397 -0.678 15.342 154 148 136 -0.001018 0.999040 -0.043791
-0.441 -0.677 15.346 142 138 129 -0.007357 0.997340 -0.072515
-0.450 -0.676 15.349 151 140 134 -0.005203 0.997970 -0.063479
-0.329 -0.678 15.326 162 157 151 -0.003152 0.997208 -0.074607
-0.365 -0.677 15.334 143 145 121 0.001020 0.998945 -0.045917
-0.371 -0.677 15.336 152 138 135 -0.003079 0.998730 -0.050296
-0.326 -0.678 15.329 164 162 150 0.001022 0.998844 -0.048051
-0.424 -0.678 15.345 157 148 139 -0.005234 0.997668 -0.068047
-0.428 -0.678 15.342 166 165 147 -0.003109 0.998124 -0.061152
-0.348 -0.678 15.329 159 159 135 -0.005295 0.996481 -0.083658
-0.437 -0.677 15.344 150 140 130 -0.007371 0.997174 -0.074762
-0.376 -0.678 15.333 164 154 145 -0.001041 0.997849 -0.065552
-0.317 -0.678 15.324 155 158 147 -0.003159 0.997037 -0.076857
-0.333 -0.678 15.330 157 154 149 -0.001026 0.998629 -0.052343
-0.411 -0.678 15.341 169 157 152 0.001007 0.999573 -0.029192
-0.414 -0.677 15.346 150 142 129 0.001001 0.999735 -0.023017
-0.388 -0.678 15.332 164 166 153 0.004984 0.999876 -0.014953
-0.339 -0.679 15.327 159 151 140 0.002996 0.999815 -0.018978
-0.406 -0.678 15.340 156 152 141 0.000999 0.999780 -0.020974
-0.313 -0.678 15.328 159 149 137 -0.001022 0.998844 -0.048051
-0.441 -0.678 15.342 152 145 137 0.003014 0.999627 -0.027126
-0.394 -0.679 15.334 160 161 145 -0.005296 0.996655 -0.081554
-0.432 -0.677 15.347 155 146 139 -0.000995 0.999821 -0.018902
-0.360 -0.678 15.330 156 150 138 -0.007500 0.995414 -0.095363
-0.326 -0.678 15.325 163 159 150 -0.005377 0.994753 -0.102164
-0.344 -0.678 15.331 160 145 142 -0.014543 0.990067 -0.139840
-0.321 -0.679 15.325 167 161 145 -0.003134 0.997543 -0.069985
-0.308 -0.679 15.328 164 161 146 -0.009835 0.993347 -0.114743
-0.419 -0.676 15.347 146 142 131 0.000999 0.999736 -0.022971
-0.393 -0.678 15.341 144 137 133 -0.005254 0.997199 -0.074606
-0.379 -0.677 15.337 164 157 149 -0.005296 0.996655 -0.081554
-0.452 -0.677 15.346 150 146 127 -0.003110 0.998248 -0.059086
-0.397 -0.678 15.338 161 156 152 -0.007386 0.997162 -0.074919
-0.340 -0.679 15.327 163 155 144 -0.003091 0.998503 -0.054614
-0.402 -0.677 15.343 155 149 135 -0.003067 0.998936 -0.046010
-0.411 -0.677 15.345 156 146 140 -0.005123 0.998923 -0.046104
-0.428 -0.678 15.347 158 152 140 0.001013 0.999371 -0.035439
-0.425 -0.677 15.345 159 151 140 -0.007229 0.998586 -0.052666
-0.330 -0.678 15.330 158 155 148 -0.005244 0.997364 -0.072364
-0.344 -0.678 15.328 165 156 147 -0.005274 0.996852 -0.079115
-0.348 -0.678 15.332 158 156 141 -0.011905 0.994629 -0.102818
-0.384 -0.677 15.339 161 153 150 -0.005254 0.997199 -0.074606
-0.424 -0.678 15.341 168 162 150 -0.005234 0.997668 -0.068047
-0.356 -0.678 15.329 166 155 149 -0.007443 0.996257 -0.086123
-0.450 -0.676 15.345 155 148 142 -0.007257 0.998347 -0.057019
-0.406 -0.678 15.336 167 161 149 -0.001043 0.997701 -0.067764
-0.313 -0.678 15.324 161 152 137 -0.009608 0.996020 -0.088606
-0.361 -0.677 15.333 147 137 128 -0.001026 0.998734 -0.050296
-0.379 -0.678 15.333 169 162 152 -0.014516 0.990417 -0.137341
-0.436 -0.677 15.341 160 157 148 -0.009645 0.995597 -0.093237
-0.317 -0.678 15.328 149 152 141 -0.012275 0.989830 -0.141723
-0.357 -0.678 15.333 156 148 135 -0.007546 0.994934 -0.100248
-0.419 -0.677 15.343 148 149 133 -0.003068 0.999028 -0.043970
-0.374 -0.678 15.336 151 143 130 -0.001028 0.998513 -0.054502
-0.401 -0.677 15.339 167 158 141 0.001034 0.998260 -0.058965
-0.397 -0.678 15.334 163 156 148 -0.001024 0.998840 -0.048149
-0.392 -0.678 15.337 156 152 143 -0.005254 0.997199 -0.074606
-0.313 -0.678 15.328 158 152 138 -0.005223 0.997678 -0.067905
-0.432 -0.678 15.340 158 155 146 -0.003097 0.998382 -0.056785
-0.304 -0.679 15.327 169 158 152 -0.003091 0.998503 -0.054614
-0.352 -0.678 15.333 158 152 138 -0.001022 0.998940 -0.046011
