-2.610 -0.673 15.867 152 146 148 -0.003176 0.996311 -0.085761
-2.586 -0.674 15.854 150 143 137 0.001057 0.996331 -0.085581
-2.590 -0.673 15.863 152 148 147 -0.007575 0.994447 -0.104963
-2.593 -0.673 15.866 158 158 158 -0.012139 0.992120 -0.124705
-2.577 -0.673 15.849 167 160 152 -0.012020 0.993323 -0.114740
-2.624 -0.673 15.871 158 155 148 -0.014350 0.992361 -0.122527
-2.587 -0.674 15.860 155 150 147 -0.007675 0.992266 -0.123896
-2.619 -0.674 15.863 157 153 142 -0.003170 0.996504 -0.083482
-2.618 -0.672 15.875 148 139 144 -0.001053 0.996878 -0.078950
-2.617 -0.674 15.868 157 153 154 -0.012043 0.993041 -0.117150
-2.608 -0.674 15.859 159 153 153 -0.011974 0.993865 -0.109946
-2.580 -0.674 15.853 168 160 157 -0.014236 0.993265 -0.114987
-2.601 -0.674 15.863 162 159 144 -0.018992 0.990941 -0.132945
-2.590 -0.674 15.855 161 152 143 -0.019174 0.989172 -0.145500
-2.604 -0.674 15.865 158 150 139 -0.014264 0.992982 -0.117402
-2.613 -0.673 15.867 146 143 150 -0.014323 0.992660 -0.120089
-2.619 -0.672 15.873 155 143 153 -0.014182 0.993810 -0.110181
-2.608 -0.672 15.869 148 140 137 -0.007516 0.995395 -0.095566
-2.577 -0.673 15.846 153 153 151 -0.005387 0.994509 -0.104515
-2.601 -0.674 15.859 162 158 149 -0.007631 0.993144 -0.116648
-2.593 -0.675 15.859 157 153 144 -0.019211 0.988795 -0.148037
-2.605 -0.674 15.859 157 152 149 -0.018956 0.991272 -0.130460
-2.608 -0.674 15.863 160 154 156 -0.014405 0.991743 -0.127431
-2.587 -0.675 15.852 158 151 145 -0.012067 0.992753 -0.119569
-2.622 -0.674 15.869 160 157 150 -0.040479 0.986537 -0.158447
-2.600 -0.674 15.865 146 146 144 -0.007531 0.995167 -0.097903
-2.622 -0.672 15.876 172 156 169 -0.012023 0.993570 -0.112583
-2.612 -0.675 15.863 157 153 154 -0.014291 0.992692 -0.119827
-2.581 -0.674 15.850 150 149 145 -0.005420 0.993974 -0.109478
-2.594 -0.675 15.855 162 159 142 -0.016876 0.988935 -0.147384
-2.615 -0.674 15.863 158 153 149 -0.003232 0.994292 -0.106647
-2.620 -0.673 15.871 151 142 147 -0.009984 0.990598 -0.136443
-2.605 -0.675 15.863 162 155 149 -0.009889 0.992212 -0.124164
-2.586 -0.673 15.862 156 152 151 0.001048 0.997066 -0.076536
-2.613 -0.671 15.875 148 144 141 -0.014236 0.993265 -0.114987
-2.595 -0.673 15.864 146 146 144 -0.012070 0.993011 -0.117406
-2.598 -0.673 15.867 148 148 150 -0.016621 0.991709 -0.127426
-2.602 -0.673 15.867 150 146 147 -0.012020 0.993323 -0.114740
-2.606 -0.671 15.872 152 149 144 -0.012090 0.992457 -0.121996
-2.590 -0.674 15.858 155 148 142 -0.007575 0.994447 -0.104963
-2.611 -0.672 15.872 145 140 137 -0.009722 0.994893 -0.100462
-2.670 -0.672 15.877 151 156 150 -0.018521 0.994681 -0.101320
-2.659 -0.674 15.869 153 142 138 -0.007675 0.992266 -0.123896
-2.639 -0.673 15.872 143 145 134 -0.016685 0.991061 -0.132364
-2.660 -0.672 15.874 150 144 132 -0.035709 0.987189 -0.155508
-2.630 -0.674 15.863 167 152 149 -0.016946 0.988502 -0.150252
-2.669 -0.671 15.879 144 149 142 -0.038170 0.986627 -0.158462
-2.676 -0.672 15.891 160 163 152 -0.042737 0.987562 -0.151311
-2.665 -0.671 15.878 152 152 144 -0.030729 0.989022 -0.144541
-2.667 -0.670 15.881 147 148 142 -0.018847 0.992221 -0.123058
-2.672 -0.670 15.889 153 148 144 -0.030015 0.992711 -0.116724
-2.652 -0.672 15.873 159 152 142 -0.021022 0.992478 -0.120602
-2.628 -0.673 15.871 150 148 136 -0.021273 0.990856 -0.133234
-2.638 -0.673 15.875 146 148 135 -0.016399 0.993750 -0.110417
-2.660 -0.670 15.881 146 135 139 -0.018810 0.992522 -0.120607
-2.626 -0.674 15.867 149 143 129 -0.016946 0.988502 -0.150252
-2.673 -0.672 15.880 154 161 153 -0.020901 0.993340 -0.113305
-2.646 -0.673 15.871 163 150 144 -0.001043 0.997701 -0.067764
-2.650 -0.673 15.869 161 154 146 -0.009930 0.991868 -0.126880
-2.626 -0.674 15.863 157 147 138 -0.003238 0.994035 -0.109009
-2.632 -0.673 15.872 150 142 139 -0.007633 0.993394 -0.114497
-2.653 -0.671 15.877 143 141 126 -0.003226 0.994762 -0.102165
-2.639 -0.674 15.869 155 151 139 -0.012023 0.993570 -0.112583
-2.666 -0.671 15.876 146 146 138 -0.030670 0.989393 -0.141991
-2.635 -0.673 15.875 149 146 139 -0.009795 0.993649 -0.112098
-2.672 -0.670 15.885 156 157 151 -0.016402 0.993988 -0.108256
-2.630 -0.674 15.866 162 146 147 -0.011859 0.995105 -0.098109
-2.643 -0.673 15.869 165 155 143 -0.025706 0.991372 -0.128532
-2.661 -0.671 15.878 146 141 137 -0.011654 0.996937 -0.077339
-2.657 -0.673 15.872 157 146 140 -0.021273 0.990856 -0.133234
-2.625 -0.674 15.869 153 151 136 -0.021354 0.990168 -0.138241
-2.647 -0.674 15.869 161 153 142 -0.012113 0.992154 -0.124432
-2.635 -0.674 15.872 145 144 140 -0.007516 0.995395 -0.095566
-2.685 -0.673 15.889 158 148 147 -0.020538 0.995558 -0.091881
-2.647 -0.672 15.876 155 145 143 -0.018847 0.992221 -0.123058
-2.661 -0.673 15.871 153 144 137 -0.028119 0.990905 -0.131596
-2.633 -0.674 15.862 150 143 135 -0.023699 0.989717 -0.141066
-2.657 -0.671 15.877 142 135 129 -0.035641 0.987597 -0.152911
-2.642 -0.672 15.875 145 143 131 -0.023782 0.988648 -0.148354
-2.664 -0.673 15.871 154 142 142 -0.027948 0.991595 -0.126325
-2.677 -0.672 15.884 154 160 150 -0.037731 0.989015 -0.142921
-2.623 -0.675 15.863 150 144 130 -0.011977 0.994101 -0.107794
-2.661 -0.673 15.869 159 145 144 -0.022574 0.996489 -0.080622
-2.655 -0.672 15.873 155 145 136 -0.025863 0.990669 -0.133813
-2.642 -0.673 15.871 154 145 136 -0.018625 0.993685 -0.110653
-2.664 -0.671 15.881 158 149 150 -0.028010 0.991558 -0.126606
-2.633 -0.674 15.866 159 149 148 -0.025813 0.991005 -0.131311
-2.793 -0.670 15.875 151 133 131 0.098319 0.981973 -0.161437
-2.783 -0.673 15.866 165 159 159 0.077097 0.990756 -0.111618
-2.752 -0.670 15.899 166 153 145 0.050652 0.983591 -0.173159
-2.774 -0.670 15.886 136 137 121 0.062744 0.991356 -0.115221
-2.736 -0.674 15.891 158 154 153 0.038828 0.982462 -0.182373
-2.790 -0.671 15.875 134 126 115 0.038552 0.994651 -0.095830
-2.809 -0.674 15.853 155 159 145 0.048062 0.993652 -0.101712
-2.774 -0.670 15.883 142 140 127 0.060955 0.990237 -0.125361
-2.796 -0.674 15.848 166 161 157 0.058414 0.990741 -0.122554
-2.760 -0.671 15.899 160 159 165 0.062659 0.984805 -0.161967
-2.750 -0.670 15.893 158 145 137 0.058237 0.982896 -0.174711
-2.735 -0.672 15.894 155 144 150 0.043544 0.982691 -0.180062
-2.806 -0.673 15.862 154 152 140 0.076759 0.986062 -0.147614
-2.737 -0.671 15.898 145 126 130 0.052029 0.976460 -0.209328
-2.777 -0.670 15.885 136 132 123 0.072647 0.990534 -0.116466
-2.774 -0.670 15.889 131 131 121 0.072647 0.990534 -0.116466
-2.786 -0.672 15.868 159 156 149 0.089016 0.986302 -0.138866
-2.802 -0.671 15.864 142 142 140 0.065705 0.990187 -0.123341
-2.763 -0.673 15.891 163 159 148 0.084079 0.986444 -0.140921
-2.748 -0.671 15.899 163 150 144 0.073144 0.982049 -0.173867
-2.796 -0.674 15.852 176 172 163 0.073065 0.989283 -0.126415
-2.791 -0.673 15.859 167 157 156 0.058066 0.991668 -0.114992
-2.804 -0.673 15.859 162 162 150 0.075697 0.988716 -0.129267
-2.763 -0.671 15.894 143 142 137 0.046460 0.991534 -0.121250
-2.763 -0.673 15.888 160 154 142 0.062995 0.990741 -0.120263
-2.798 -0.670 15.864 150 144 148 0.039253 0.992530 -0.115515
-2.771 -0.673 15.873 168 159 160 0.055104 0.992988 -0.104584
-2.751 -0.673 15.890 167 154 145 0.067286 0.975028 -0.211643
-2.794 -0.672 15.861 164 159 156 0.092658 0.983140 -0.157639
-2.793 -0.670 15.871 153 142 138 0.078820 0.987010 -0.139993
-2.775 -0.673 15.866 164 158 146 0.072793 0.990221 -0.119011
-2.775 -0.673 15.873 169 154 157 0.067883 0.990630 -0.118507
-2.785 -0.671 15.882 141 138 131 0.063498 0.989418 -0.130460
-2.798 -0.670 15.871 150 145 142 0.050092 0.994038 -0.096844
-2.740 -0.672 15.891 142 153 139 0.045582 0.985274 -0.164797
-2.807 -0.673 15.860 166 157 148 0.060575 0.990923 -0.120008
-2.787 -0.673 15.858 175 161 161 0.057935 0.991706 -0.114733
-2.820 -0.673 15.853 163 158 152 0.038248 0.995532 -0.086330
-2.747 -0.673 15.890 164 154 155 0.054561 0.987910 -0.145110
-2.790 -0.671 15.879 143 132 136 0.062258 0.992730 -0.103008
-2.807 -0.671 15.866 152 158 148 0.070616 0.989783 -0.123868
-2.800 -0.673 15.856 170 170 158 0.065817 0.989566 -0.128170
-2.768 -0.673 15.877 162 161 156 0.073358 0.988588 -0.131579
-2.743 -0.673 15.890 160 155 149 0.044694 0.989006 -0.140959
-2.766 -0.671 15.893 146 144 131 0.060334 0.991534 -0.114977
-2.760 -0.673 15.884 167 153 150 0.050292 0.993543 -0.101701
-2.760 -0.674 15.888 165 156 151 0.033741 0.995910 -0.083809
-2.754 -0.671 15.893 151 147 138 0.039950 0.989611 -0.138112
-2.789 -0.672 15.863 161 156 153 0.030813 0.997689 -0.060563
-2.797 -0.671 15.867 149 143 145 0.038248 0.995532 -0.086330
-2.816 -0.673 15.857 159 162 155 0.053165 0.992029 -0.114247
-2.775 -0.673 15.877 171 159 163 0.045357 0.994535 -0.094033
-2.782 -0.673 15.876 161 156 152 0.045005 0.995589 -0.082325
-2.771 -0.673 15.881 160 160 152 0.053588 0.990799 -0.124277
-2.799 -0.673 15.859 169 167 154 0.042720 0.995704 -0.082154
-2.817 -0.673 15.853 164 161 156 0.036065 0.995613 -0.086337
-2.783 -0.673 15.873 162 160 148 0.035779 0.996391 -0.076979
-2.783 -0.673 15.858 172 162 160 0.047775 0.994384 -0.094439
-2.792 -0.673 15.856 169 160 155 0.045447 0.994301 -0.096437
-2.786 -0.670 15.875 141 136 132 0.067747 0.990939 -0.115973
-2.745 -0.670 15.895 146 139 129 0.038462 0.984865 -0.169001
-2.783 -0.673 15.862 167 163 162 0.042883 0.995102 -0.089064
-2.758 -0.671 15.894 147 146 144 0.043655 0.992881 -0.110818
-2.767 -0.674 15.888 161 157 145 0.049992 0.994276 -0.094428
-2.798 -0.670 15.875 160 151 146 0.040850 0.994748 -0.093844
-2.802 -0.671 15.872 171 160 166 0.054774 0.993752 -0.097251
-2.749 -0.670 15.895 148 133 128 0.046369 0.991841 -0.118749
-2.767 -0.674 15.884 164 155 148 0.068839 0.988244 -0.136511
-2.786 -0.670 15.872 144 141 126 0.076455 0.986863 -0.142325
-2.794 -0.670 15.867 135 129 129 0.081346 0.986763 -0.140292
-2.802 -0.671 15.868 156 145 151 0.093063 0.982599 -0.160745
-2.764 -0.673 15.885 166 156 147 0.084247 0.986047 -0.143576
-2.790 -0.671 15.867 147 140 134 0.076024 0.988308 -0.132164
-2.795 -0.673 15.859 170 161 152 0.040931 0.994516 -0.096243
-2.805 -0.670 15.872 168 155 162 0.044100 0.991674 -0.120991
-2.741 -0.670 15.898 143 124 130 0.023601 0.990118 -0.138234
-2.772 -0.672 15.884 151 152 138 0.060955 0.990237 -0.125361
-2.804 -0.673 15.852 165 161 150 0.055559 0.992125 -0.112252
-2.828 -0.672 15.853 162 159 154 0.063012 0.991012 -0.118005
-2.786 -0.672 15.865 164 161 156 0.076000 0.988000 -0.134462
-2.783 -0.671 15.879 143 138 134 0.081508 0.986370 -0.142935
-2.804 -0.671 15.863 140 143 132 0.073944 0.987098 -0.142020
-2.812 -0.673 15.860 165 158 152 0.072010 0.985710 -0.152283
-2.787 -0.673 15.855 171 156 159 0.079134 0.986221 -0.145276
-2.767 -0.674 15.880 167 158 153 0.055116 0.993219 -0.102359
-2.776 -0.671 15.881 156 151 147 0.065686 0.989903 -0.125610
-2.741 -0.671 15.895 144 136 134 0.043480 0.983591 -0.175096
-2.812 -0.673 15.864 162 149 143 0.094354 0.985341 -0.142128
-2.755 -0.673 15.891 164 160 149 0.083622 0.980443 -0.178152
-2.813 -0.673 15.853 158 165 149 0.110217 0.977094 -0.182044
-2.789 -0.670 15.871 142 133 124 0.101524 0.979769 -0.172469
-2.771 -0.673 15.877 161 160 156 0.085418 0.988741 -0.122861
-2.794 -0.671 15.864 146 144 145 0.073822 0.987803 -0.137097
-2.744 -0.670 15.899 157 147 145 0.033332 0.987326 -0.155168
-2.732 -0.674 15.894 157 152 148 0.027732 0.992806 -0.116475
-2.724 -0.674 15.894 163 154 147 0.016850 0.989628 -0.142659
-2.732 -0.674 15.891 162 157 153 0.026163 0.988489 -0.149013
-2.728 -0.673 15.891 164 157 151 0.025657 0.991692 -0.126053
-2.728 -0.673 15.895 162 155 147 0.039047 0.980910 -0.190502
-2.744 -0.670 15.902 152 140 144 0.046348 0.980430 -0.191332
-2.752 -0.670 15.903 181 166 163 0.059243 0.978107 -0.199490
-2.744 -0.670 15.906 166 156 155 0.044305 0.978307 -0.202367
-2.737 -0.670 15.902 140 126 123 0.033956 0.982372 -0.183829
-2.740 -0.670 15.902 163 143 144 0.038608 0.983931 -0.174323
-2.748 -0.670 15.902 175 165 163 0.045844 0.983890 -0.172798
-2.736 -0.670 15.909 158 154 155 0.041506 0.980726 -0.190927
-2.736 -0.670 15.906 139 134 128 0.034822 0.991865 -0.122439
-2.748 -0.670 15.906 169 165 162 0.048466 0.982314 -0.180859
-2.740 -0.670 15.906 158 145 137 0.028110 0.990609 -0.133805
-2.686 -0.671 15.901 164 161 154 -0.018445 0.994943 -0.098735
-2.693 -0.674 15.894 156 152 151 -0.018738 0.993104 -0.115733
-2.733 -0.670 15.909 162 151 157 0.024245 0.984795 -0.172022
-2.683 -0.671 15.901 157 164 146 -0.001018 0.999040 -0.043791
-2.706 -0.671 15.902 155 143 129 0.007662 0.992827 -0.119314
-2.723 -0.671 15.901 141 147 135 0.014898 0.984396 -0.175335
-2.689 -0.674 15.896 143 147 146 0.003055 0.999123 -0.041757
-2.727 -0.673 15.898 159 156 147 0.014898 0.984396 -0.175335
-2.705 -0.672 15.898 159 146 138 0.001079 0.993804 -0.111142
-2.733 -0.670 15.906 150 146 145 0.022001 0.983090 -0.181796
-2.706 -0.671 15.906 166 158 147 0.001081 0.993777 -0.111381
-2.716 -0.673 15.898 157 154 147 0.003526 0.974464 -0.224515
-2.733 -0.670 15.902 125 122 117 0.027000 0.980223 -0.196045
-2.722 -0.670 15.906 135 128 135 0.010595 0.975938 -0.217791
-2.676 -0.671 15.894 154 154 144 -0.003098 0.998497 -0.054726
-2.675 -0.671 15.897 165 158 150 -0.027362 0.994868 -0.097407
-2.731 -0.672 15.898 153 148 144 0.039993 0.973160 -0.226626
-2.701 -0.674 15.894 155 152 143 -0.009795 0.993649 -0.112098
-2.718 -0.671 15.906 157 160 167 0.017132 0.985656 -0.167893
-2.701 -0.672 15.897 148 145 136 -0.018517 0.994460 -0.103476
-2.718 -0.671 15.910 175 174 179 0.014870 0.984858 -0.172722
-2.695 -0.671 15.901 150 139 153 -0.009497 0.997145 -0.074918
-2.692 -0.673 15.896 156 151 155 -0.023240 0.992692 -0.118415
-2.719 -0.671 15.903 141 141 143 0.014765 0.986983 -0.160143
-2.690 -0.673 15.894 163 148 153 -0.018557 0.994435 -0.103701
-2.710 -0.670 15.905 169 154 149 0.011836 0.995333 -0.095767
-2.716 -0.673 15.894 163 155 152 0.003226 0.994762 -0.102165
-2.679 -0.671 15.901 165 162 153 -0.013885 0.996516 -0.082242
-2.715 -0.673 15.901 154 154 146 0.010040 0.989539 -0.143913
-2.729 -0.670 15.906 143 137 137 0.019023 0.990300 -0.137635
-2.729 -0.670 15.910 162 147 152 0.017074 0.986889 -0.160497
-2.690 -0.670 15.901 162 156 160 -0.035778 0.986772 -0.158114
-2.699 -0.671 15.901 145 142 149 -0.023827 0.988261 -0.150906
-2.697 -0.673 15.894 153 152 148 -0.016244 0.995212 -0.096381
-2.715 -0.671 15.903 160 159 165 0.001125 0.986241 -0.165311
-2.684 -0.672 15.898 151 154 143 -0.009314 0.998670 -0.050710
-2.720 -0.673 15.894 162 154 151 0.021674 0.986742 -0.160845
-2.703 -0.670 15.905 170 164 164 0.014626 0.988970 -0.147389
-2.703 -0.670 15.902 149 145 136 0.009628 0.996003 -0.088795
-2.714 -0.670 15.909 182 170 172 0.014710 0.987802 -0.155016
-2.684 -0.672 15.894 151 155 141 -0.033077 0.988900 -0.144856
-2.698 -0.672 15.898 143 144 146 -0.005306 0.996466 -0.083835
-2.709 -0.673 15.895 158 155 146 0.001143 0.982047 -0.188635
-2.679 -0.671 15.897 150 156 142 -0.035299 0.989514 -0.140058
-2.719 -0.673 15.901 155 154 150 0.014732 0.987042 -0.159785
-2.723 -0.673 15.898 159 156 149 0.022256 0.980428 -0.195617
-2.727 -0.671 15.901 144 150 136 0.026963 0.981204 -0.191083
-2.692 -0.671 15.899 141 138 149 -0.016882 0.989261 -0.145182
-2.705 -0.674 15.894 162 152 150 0.013829 0.996717 -0.079780
-2.714 -0.670 15.906 170 163 170 0.007721 0.991608 -0.129052
-2.683 -0.671 15.905 166 173 157 -0.023066 0.994040 -0.106544
-2.710 -0.673 15.900 167 152 155 0.007986 0.984614 -0.174561
-2.710 -0.671 15.902 159 145 145 0.014654 0.988589 -0.149923
-2.721 -0.670 15.910 163 165 164 0.010439 0.980079 -0.198335
-2.719 -0.674 15.898 160 155 152 0.012415 0.987540 -0.156878
-2.722 -0.671 15.903 138 137 135 0.019932 0.979010 -0.202837
-2.684 -0.673 15.892 151 151 141 -0.029375 0.995481 -0.090300
-2.687 -0.671 15.899 147 145 146 -0.021022 0.992478 -0.120602
