-1.163 -0.673 15.842 149 143 129 0.012466 0.987072 -0.159790
-0.881 -0.674 15.864 129 131 117 -0.009387 0.998187 -0.059453
-1.213 -0.673 15.842 157 160 153 0.012489 0.986652 -0.162361
-1.202 -0.672 15.842 154 154 142 0.005870 0.975587 -0.219536
-1.040 -0.674 15.872 150 145 151 0.015867 0.997507 -0.068757
-0.945 -0.674 15.864 150 148 136 -0.016055 0.996469 -0.082415
-0.947 -0.672 15.873 158 161 152 -0.011610 0.997429 -0.070717
-1.100 -0.673 15.846 160 147 139 0.023021 0.994296 -0.104143
-1.207 -0.676 15.834 160 152 149 0.005461 0.992872 -0.119057
-1.202 -0.674 15.836 150 142 139 0.005522 0.990714 -0.135850
-1.168 -0.673 15.842 144 145 140 0.010040 0.989539 -0.143913
-0.914 -0.672 15.864 156 146 147 -0.013587 0.998131 -0.059574
-1.328 -0.675 15.826 155 156 140 0.003389 0.986112 -0.166046
-1.235 -0.674 15.840 127 127 117 0.005776 0.980742 -0.195224
-1.315 -0.677 15.820 164 158 146 0.005608 0.988109 -0.153656
-1.074 -0.674 15.859 119 118 90 0.013429 0.998923 -0.044420
-1.092 -0.673 15.845 138 131 123 0.011318 0.999046 -0.042184
-1.271 -0.674 15.838 141 137 128 0.005606 0.987766 -0.155845
-1.275 -0.673 15.837 133 130 121 0.003325 0.989721 -0.142972
-1.230 -0.674 15.841 134 132 133 0.005690 0.984306 -0.176379
-1.022 -0.675 15.877 149 147 135 0.005034 0.999671 -0.025168
-1.181 -0.673 15.843 165 157 154 0.007913 0.986817 -0.161644
-1.076 -0.674 15.856 124 118 106 0.011362 0.998854 -0.046482
-1.168 -0.675 15.832 164 162 147 0.010158 0.987565 -0.156882
-1.098 -0.675 15.841 153 150 145 0.020502 0.995962 -0.087403
-1.124 -0.675 15.842 131 133 128 0.013587 0.998131 -0.059574
-1.003 -0.675 15.881 143 139 127 0.001028 0.998623 -0.052451
-1.150 -0.675 15.842 156 157 149 0.018521 0.994681 -0.101320
-1.119 -0.675 15.838 155 154 149 0.024972 0.995618 -0.090116
-0.918 -0.673 15.860 139 143 129 -0.018338 0.995619 -0.091688
-1.259 -0.674 15.841 151 144 134 0.005522 0.990714 -0.135850
-1.195 -0.673 15.841 156 148 137 0.003408 0.984778 -0.173784
-1.214 -0.673 15.840 149 148 143 0.007957 0.985521 -0.169369
-0.969 -0.675 15.872 163 163 153 -0.009258 0.998885 -0.046292
-1.241 -0.673 15.845 152 156 141 0.007795 0.989919 -0.141417
-1.319 -0.676 15.820 151 147 138 0.003364 0.987776 -0.155847
-1.066 -0.676 15.863 137 135 140 0.020462 0.996164 -0.085078
-0.932 -0.674 15.863 155 156 142 -0.009386 0.998061 -0.061531
-1.185 -0.673 15.839 160 155 149 0.010443 0.980527 -0.196105
-1.288 -0.674 15.832 148 142 144 0.010287 0.984127 -0.177166
-1.007 -0.675 15.881 133 131 119 0.001001 0.999686 -0.025017
-0.994 -0.675 15.881 142 143 138 -0.000997 0.999780 -0.020933
-1.132 -0.674 15.843 138 138 126 0.018449 0.995154 -0.096585
-1.104 -0.673 15.846 149 147 134 0.007089 0.999544 -0.029369
-1.279 -0.674 15.834 133 131 134 0.005533 0.990372 -0.138320
-1.198 -0.673 15.842 167 162 156 0.007998 0.983747 -0.179382
-1.235 -0.673 15.842 137 136 131 0.005639 0.986892 -0.161286
-0.936 -0.675 15.860 135 134 129 -0.020458 0.995979 -0.087215
-1.243 -0.676 15.837 153 153 143 0.005608 0.988109 -0.153656
-1.127 -0.674 15.842 132 134 121 0.028391 0.989137 -0.144226
-1.171 -0.674 15.839 141 133 122 0.010443 0.980527 -0.196105
-0.927 -0.675 15.855 148 145 136 -0.016023 0.996657 -0.080117
-1.308 -0.675 15.825 141 130 128 0.010533 0.977249 -0.211835
-1.252 -0.674 15.842 133 138 116 0.010386 0.982093 -0.188109
-1.141 -0.676 15.842 158 155 148 0.024371 0.982959 -0.182201
-1.195 -0.673 15.838 133 123 124 0.010969 0.961604 -0.274222
-1.078 -0.675 15.852 147 144 135 0.017947 0.997624 -0.066508
-1.190 -0.674 15.837 141 134 128 0.008101 0.980191 -0.197890
-0.931 -0.676 15.855 133 131 118 -0.009387 0.998187 -0.059453
-1.074 -0.674 15.864 122 120 95 0.019942 0.998133 -0.057726
-0.883 -0.672 15.872 144 145 131 -0.005173 0.998482 -0.054839
-0.941 -0.673 15.868 132 134 121 -0.007200 0.998805 -0.048346
-0.972 -0.673 15.877 137 135 123 -0.005123 0.999016 -0.044059
-1.053 -0.674 15.864 145 143 131 0.011250 0.999220 -0.037842
-1.254 -0.673 15.846 157 154 139 0.010557 0.977143 -0.212320
-1.082 -0.673 15.857 149 147 135 0.013509 0.998611 -0.050918
-0.968 -0.675 15.874 140 140 130 -0.013616 0.998124 -0.059699
-1.067 -0.676 15.860 147 142 146 0.007089 0.999482 -0.031392
-0.913 -0.674 15.857 134 134 106 -0.020342 0.996734 -0.078154
-1.073 -0.674 15.859 121 115 99 0.022261 0.997519 -0.066784
-1.217 -0.673 15.842 152 149 144 0.007780 0.990272 -0.138927
-1.044 -0.674 15.868 159 155 146 0.015865 0.997360 -0.070862
-1.128 -0.673 15.845 142 140 128 0.025360 0.993456 -0.111364
-1.199 -0.675 15.833 163 154 149 0.010424 0.981058 -0.193432
-1.137 -0.675 15.841 154 154 144 0.023790 0.988978 -0.146138
-0.972 -0.673 15.881 158 156 144 -0.009424 0.997913 -0.063875
-0.954 -0.674 15.869 160 155 149 -0.018234 0.996417 -0.082588
-1.211 -0.675 15.838 144 144 136 0.005585 0.988549 -0.150796
-1.202 -0.673 15.839 142 140 128 0.005784 0.979755 -0.200115
-1.283 -0.673 15.837 140 135 139 0.005815 0.978074 -0.208175
-0.917 -0.674 15.856 144 142 129 -0.027840 0.992215 -0.121382
-1.012 -0.674 15.880 127 119 116 -0.001024 0.998840 -0.048149
-1.279 -0.673 15.837 129 127 128 0.003364 0.987776 -0.155847
-1.303 -0.675 15.824 143 140 128 0.001096 0.991465 -0.130369
-1.096 -0.673 15.847 153 149 148 0.017985 0.997614 -0.066649
-1.087 -0.674 15.850 135 136 122 0.015865 0.997360 -0.070862
-0.947 -0.673 15.870 137 143 133 -0.018088 0.996978 -0.075545
-1.316 -0.675 15.823 145 145 133 0.007795 0.989919 -0.141417
-0.878 -0.674 15.865 147 142 139 -0.015774 0.997949 -0.062043
-0.887 -0.672 15.868 115 113 98 -0.025565 0.992573 -0.118931
-1.175 -0.675 15.835 157 146 150 0.008104 0.980637 -0.195664
-0.950 -0.675 15.868 153 148 142 -0.025409 0.993180 -0.113790
-1.107 -0.674 15.841 139 143 126 0.018017 0.997313 -0.071010
-1.296 -0.674 15.833 155 149 151 0.005555 0.989979 -0.141108
-1.097 -0.674 15.843 136 132 129 0.015712 0.998216 -0.057610
-0.955 -0.674 15.873 149 142 136 -0.011518 0.997892 -0.063873
-0.963 -0.672 15.881 169 162 154 -0.011609 0.997278 -0.072817
-1.169 -0.675 15.837 145 141 138 0.010727 0.971404 -0.237189
-1.165 -0.675 15.836 151 152 138 0.013026 0.974548 -0.223803
-1.137 -0.675 15.846 164 158 146 0.018373 0.995400 -0.094028
-1.300 -0.674 15.830 154 147 139 0.008075 0.981685 -0.190339
-1.061 -0.674 15.864 155 150 147 0.007061 0.999657 -0.025218
-0.908 -0.672 15.864 133 139 125 -0.020338 0.996565 -0.080282
-1.208 -0.674 15.837 129 124 121 0.005765 0.981268 -0.192564
-1.084 -0.675 15.847 154 147 139 0.024529 0.997142 -0.071453
-1.000 -0.673 15.885 150 146 137 0.003038 0.999437 -0.033416
-1.035 -0.674 15.873 141 138 123 0.011407 0.998643 -0.050814
-1.155 -0.673 15.846 148 146 133 0.019503 0.985484 -0.168645
-1.165 -0.676 15.832 154 155 137 0.022704 0.973898 -0.225849
-0.895 -0.673 15.866 120 114 80 -0.009241 0.999071 -0.042099
-1.275 -0.672 15.841 130 125 119 0.012816 0.979868 -0.199236
-1.248 -0.674 15.841 131 125 111 0.010477 0.978975 -0.203711
-1.175 -0.673 15.838 148 135 129 0.010652 0.974056 -0.226057
-1.046 -0.674 15.870 143 139 130 0.013696 0.997701 -0.066373
-1.266 -0.675 15.838 158 155 146 0.007868 0.988040 -0.153995
-0.929 -0.673 15.862 162 153 148 -0.020784 0.994368 -0.103922
-0.927 -0.674 15.858 135 130 127 -0.020739 0.994393 -0.103696
-1.232 -0.676 15.837 162 158 159 0.005681 0.985154 -0.171578
-1.216 -0.673 15.846 164 164 156 0.012275 0.989830 -0.141723
-1.305 -0.674 15.828 156 147 142 0.005629 0.987305 -0.158734
-1.283 -0.674 15.834 130 130 130 0.008075 0.981685 -0.190339
-0.931 -0.675 15.859 139 140 124 -0.015929 0.997185 -0.073276
-1.110 -0.675 15.841 148 146 133 0.015712 0.998216 -0.057610
-1.004 -0.674 15.885 155 149 137 0.001038 0.997991 -0.063348
-0.984 -0.674 15.882 164 163 158 -0.009405 0.997922 -0.063742
-1.174 -0.675 15.834 168 154 154 0.005839 0.977391 -0.211359
-0.897 -0.674 15.859 133 133 123 -0.020382 0.996550 -0.080453
-1.240 -0.675 15.837 164 157 151 0.005744 0.982292 -0.187267
-1.180 -0.673 15.839 158 153 147 0.005731 0.982373 -0.186846
-1.267 -0.674 15.841 136 132 121 0.003269 0.992653 -0.120949
-0.941 -0.674 15.864 134 132 117 -0.011496 0.998031 -0.061658
-0.999 -0.674 15.881 141 134 124 -0.004994 0.999843 -0.016980
-1.123 -0.675 15.838 150 151 145 0.018661 0.993413 -0.113062
-1.078 -0.674 15.854 137 129 126 0.024772 0.996247 -0.082931
-0.988 -0.675 15.879 147 150 141 -0.015989 0.996671 -0.079947
-0.980 -0.674 15.877 141 146 139 -0.020739 0.994393 -0.103696
-1.248 -0.673 15.845 152 143 138 0.005618 0.987711 -0.156191
-1.252 -0.675 15.838 146 148 134 0.005711 0.983357 -0.181595
-1.071 -0.675 15.858 130 121 112 0.022217 0.997668 -0.064536
-1.324 -0.675 15.828 146 143 138 0.001108 0.989726 -0.142973
-0.944 -0.673 15.870 142 148 138 -0.009204 0.999162 -0.039885
-1.248 -0.675 15.838 147 148 132 0.001075 0.994321 -0.106419
-1.320 -0.675 15.824 136 131 127 0.005587 0.988880 -0.148611
-0.976 -0.673 15.881 169 161 158 -0.015619 0.998575 -0.051022
-1.244 -0.673 15.845 161 157 154 0.005606 0.987766 -0.155845
-1.082 -0.674 15.851 136 136 124 0.020102 0.997713 -0.064539
-1.103 -0.674 15.841 149 144 141 0.020659 0.994879 -0.098944
-0.958 -0.673 15.877 148 150 137 -0.030778 0.988308 -0.149329
-1.064 -0.676 15.865 153 152 150 0.022663 0.996101 -0.085257
-0.984 -0.674 15.878 148 150 137 -0.040572 0.986475 -0.158810
-0.944 -0.674 15.867 134 137 126 -0.025262 0.993988 -0.106538
-1.053 -0.674 15.868 133 134 120 0.013482 0.998720 -0.048743
-1.030 -0.674 15.877 139 137 125 0.000999 0.999736 -0.022971
-1.245 -0.674 15.841 139 140 132 0.010533 0.977249 -0.211835
-1.292 -0.673 15.832 138 142 143 0.015611 0.969099 -0.246178
-1.207 -0.673 15.840 143 140 133 0.013095 0.972595 -0.232137
-0.958 -0.674 15.873 135 135 125 -0.015774 0.997949 -0.062043
-0.973 -0.675 15.872 159 161 150 -0.005093 0.999277 -0.037689
-0.969 -0.675 15.876 138 136 124 -0.009259 0.998978 -0.044239
-1.184 -0.672 15.843 153 150 145 0.010082 0.989123 -0.146744
-1.084 -0.673 15.855 146 147 131 0.022703 0.995707 -0.089733
-0.944 -0.673 15.873 155 158 151 -0.018162 0.996789 -0.077991
-1.204 -0.675 15.834 166 161 157 0.010268 0.984594 -0.174557
-1.159 -0.675 15.839 159 153 141 0.017036 0.986948 -0.160138
-1.158 -0.674 15.842 135 129 117 0.012279 0.990141 -0.139535
-1.220 -0.673 15.842 134 128 132 0.010003 0.990252 -0.138924
-1.199 -0.673 15.838 146 148 137 0.009927 0.991588 -0.129050
-0.963 -0.674 15.877 147 147 137 -0.015958 0.996852 -0.077663
-1.093 -0.675 15.843 141 134 124 0.027577 0.993877 -0.106999
-1.044 -0.674 15.872 147 145 133 0.022570 0.996314 -0.082757
-1.134 -0.674 15.845 150 144 130 0.021109 0.992142 -0.123323
-0.905 -0.672 15.860 123 120 115 -0.016146 0.995675 -0.091494
-0.904 -0.671 15.864 137 135 136 -0.018377 0.995600 -0.091885
-0.958 -0.675 15.869 163 163 151 -0.025756 0.991045 -0.131020
-1.226 -0.673 15.841 137 133 132 0.007851 0.988094 -0.153654
-1.064 -0.676 15.861 145 140 144 0.015525 0.998794 -0.046576
-0.981 -0.673 15.882 145 154 153 -0.016241 0.995002 -0.098526
-1.293 -0.674 15.829 137 142 145 0.008045 0.982697 -0.185046
-1.275 -0.674 15.834 144 146 135 0.010386 0.982093 -0.188109
-0.936 -0.675 15.864 134 133 129 -0.018230 0.996238 -0.084718
-1.101 -0.674 15.843 151 141 142 0.015992 0.996839 -0.077828
-1.126 -0.673 15.843 126 127 119 0.009478 0.997311 -0.072666
-0.899 -0.672 15.865 129 124 104 -0.013667 0.997711 -0.066234
-1.296 -0.675 15.829 151 146 152 0.007851 0.988094 -0.153654
-0.918 -0.672 15.864 142 140 128 -0.007159 0.999179 -0.039885
-1.138 -0.674 15.850 182 173 158 0.021723 0.986681 -0.161208
-0.973 -0.675 15.875 144 146 135 -0.013616 0.998124 -0.059699
-1.262 -0.674 15.840 145 138 145 0.005524 0.991009 -0.133681
-0.950 -0.674 15.873 146 152 142 -0.011745 0.996184 -0.086485
-1.070 -0.676 15.863 121 119 104 0.020222 0.997249 -0.071308
-1.154 -0.674 15.842 145 147 133 0.019284 0.988017 -0.153137
-0.993 -0.674 15.883 141 145 131 -0.011677 0.996757 -0.079613
-0.976 -0.673 15.878 151 141 139 -0.020703 0.994856 -0.099159
-1.271 -0.673 15.841 131 130 125 0.003244 0.993773 -0.111380
-0.924 -0.675 15.855 142 146 132 -0.013641 0.997856 -0.064006
-1.265 -0.673 15.842 138 131 121 0.005554 0.989666 -0.143285
-0.900 -0.673 15.863 113 107 85 -0.009313 0.998563 -0.052774
-1.115 -0.674 15.841 137 136 131 0.018020 0.997461 -0.068900
-1.157 -0.673 15.844 134 132 120 0.014401 0.991461 -0.129610
-0.896 -0.674 15.864 120 115 96 -0.015834 0.997518 -0.068612
-1.284 -0.675 15.832 138 143 136 0.012793 0.980411 -0.196547
-1.307 -0.675 15.825 135 131 124 0.005692 0.984699 -0.174172
-1.256 -0.672 15.846 153 143 144 0.005692 0.984699 -0.174172
-1.146 -0.675 15.842 145 150 133 0.017068 0.986526 -0.162714
-1.074 -0.675 15.855 140 138 125 0.015774 0.997949 -0.062043
-1.254 -0.675 15.837 157 152 149 0.005734 0.982791 -0.184632
-0.990 -0.675 15.877 154 154 144 -0.016621 0.991709 -0.127426
-1.125 -0.675 15.841 140 143 134 0.022931 0.994786 -0.099369
-1.141 -0.676 15.847 154 153 148 0.023106 0.993538 -0.111127
-0.962 -0.675 15.873 152 146 134 -0.016118 0.996075 -0.087036
-1.208 -0.673 15.841 148 147 142 0.010386 0.982093 -0.188109
-1.119 -0.674 15.842 142 148 136 0.022837 0.995043 -0.096786
-1.195 -0.676 15.833 158 150 148 0.008310 0.972235 -0.233859
-1.258 -0.673 15.843 132 124 121 0.015393 0.974515 -0.223795
-1.287 -0.673 15.834 142 136 136 0.017960 0.971033 -0.238268
-1.238 -0.673 15.842 138 139 123 0.005880 0.974966 -0.222278
-0.891 -0.674 15.864 109 105 80 -0.020179 0.997261 -0.071157
-1.145 -0.675 15.846 119 123 106 0.019314 0.987264 -0.157917
-0.887 -0.674 15.865 99 99 75 -0.018198 0.996606 -0.080285
-1.115 -0.675 15.838 152 148 139 0.018449 0.995154 -0.096585
-0.990 -0.675 15.881 147 154 138 -0.011588 0.997586 -0.068472
-0.890 -0.672 15.869 151 144 138 -0.009278 0.998880 -0.046388
-1.156 -0.673 15.843 133 134 118 0.014456 0.990801 -0.134553
-1.186 -0.674 15.838 166 161 155 0.007957 0.985521 -0.169369
-1.270 -0.675 15.834 160 156 144 0.010405 0.981580 -0.190766
-1.261 -0.673 15.843 121 117 118 0.005587 0.988880 -0.148611
-1.128 -0.675 15.839 152 154 143 0.020179 0.997261 -0.071157
-0.922 -0.673 15.860 144 147 128 -0.011407 0.998643 -0.050814
-1.048 -0.674 15.869 145 138 128 0.009132 0.999463 -0.031455
-1.026 -0.674 15.877 147 148 134 0.007089 0.999544 -0.029369
-0.913 -0.673 15.860 154 148 134 -0.009168 0.999322 -0.035654
-1.016 -0.675 15.876 153 150 135 -0.001007 0.999573 -0.029192
-1.019 -0.674 15.879 142 138 127 0.001003 0.999685 -0.025067
-1.176 -0.673 15.842 159 151 138 0.005932 0.971709 -0.236105
-0.967 -0.674 15.878 132 129 122 -0.015992 0.996839 -0.077828
-1.035 -0.673 15.876 144 140 128 0.009186 0.999244 -0.037765
-0.919 -0.675 15.854 154 154 142 -0.020663 0.995090 -0.096790
-1.150 -0.674 15.846 138 139 123 0.016780 0.990033 -0.139835
-1.309 -0.675 15.827 140 128 128 0.008149 0.978996 -0.203715
-1.181 -0.674 15.837 147 148 140 0.008262 0.973677 -0.227781
-1.288 -0.675 15.829 159 151 148 0.010135 0.987621 -0.156533
-0.909 -0.673 15.860 136 136 124 -0.013667 0.997711 -0.066234
-0.882 -0.673 15.869 101 105 80 -0.015712 0.998216 -0.057610
-1.132 -0.673 15.846 152 149 134 0.018269 0.996222 -0.084899
-1.310 -0.675 15.825 140 135 132 0.001059 0.996132 -0.087863
-0.923 -0.674 15.858 133 134 120 -0.018302 0.995832 -0.089356
-1.324 -0.675 15.825 154 145 136 0.001059 0.996132 -0.087863
-1.263 -0.674 15.837 165 159 159 0.001065 0.995500 -0.094759
-0.968 -0.673 15.881 164 155 148 -0.018195 0.996432 -0.082412
-1.076 -0.674 15.857 132 123 116 0.029439 0.995462 -0.090497
-1.159 -0.673 15.845 158 149 142 0.011954 0.994357 -0.105413
-1.087 -0.675 15.847 137 138 124 0.018091 0.997136 -0.073428
-0.877 -0.674 15.869 135 130 126 -0.020582 0.995539 -0.092079
-0.875 -0.673 15.867 148 143 137 -0.025311 0.993725 -0.108947
-0.873 -0.672 15.869 149 142 132 -0.016052 0.996291 -0.084540
-1.070 -0.676 15.866 140 138 123 0.009241 0.999071 -0.042099
-1.065 -0.673 15.868 152 160 149 0.017982 0.997472 -0.068755
-1.062 -0.673 15.868 161 157 146 0.013616 0.998124 -0.059699
-1.051 -0.674 15.870 130 132 118 0.015710 0.998093 -0.059697
-1.048 -0.673 15.872 144 137 127 0.013616 0.998124 -0.059699
-1.070 -0.674 15.868 151 148 133 0.020142 0.997564 -0.066787
-1.075 -0.673 15.868 138 132 120 0.022308 0.997509 -0.066925
-1.057 -0.674 15.867 136 132 121 0.020139 0.997420 -0.068897
-1.155 -0.672 15.850 156 153 134 0.018914 0.991311 -0.130172
-1.146 -0.674 15.851 124 125 112 0.016304 0.994521 -0.103256
-1.151 -0.673 15.850 141 137 112 0.014405 0.991743 -0.127431
