-1.519 -0.672 15.908 155 151 148 0.001011 0.999443 -0.033348
-1.542 -0.673 15.921 153 152 147 0.001009 0.999445 -0.033281
-1.541 -0.675 15.918 137 134 129 0.001003 0.999685 -0.025067
-1.527 -0.674 15.910 161 152 143 0.002996 0.999776 -0.020974
-1.531 -0.672 15.915 121 118 113 -0.001014 0.999217 -0.039563
-1.524 -0.673 15.912 154 148 136 0.004945 0.999964 -0.006924
-1.543 -0.672 15.925 161 157 146 0.001022 0.998844 -0.048051
-1.530 -0.675 15.907 158 146 132 -0.003067 0.998936 -0.046010
-1.539 -0.673 15.917 141 139 140 -0.001032 0.998386 -0.056785
-1.535 -0.673 15.919 144 139 133 0.001028 0.998623 -0.052451
-1.532 -0.672 15.917 131 128 121 0.001034 0.998136 -0.061026
-1.529 -0.673 15.913 127 119 116 0.001007 0.999573 -0.029192
-1.528 -0.673 15.912 140 131 126 0.003032 0.999505 -0.031329
-1.539 -0.672 15.921 155 155 153 0.003014 0.999680 -0.025118
-1.546 -0.673 15.926 163 161 149 0.005004 0.999807 -0.019015
-1.525 -0.674 15.909 174 164 162 0.003032 0.999505 -0.031329
-1.535 -0.674 15.912 159 143 144 0.001013 0.999371 -0.035439
-1.576 -0.673 15.931 132 137 130 -0.001030 0.998393 -0.056668
-1.573 -0.673 15.931 145 140 144 -0.001049 0.997224 -0.074451
-1.561 -0.673 15.934 138 128 126 -0.001042 0.997558 -0.069839
-1.546 -0.674 15.922 148 148 136 -0.001040 0.997710 -0.067624
-1.590 -0.672 15.926 145 140 121 0.001055 0.996523 -0.083307
-1.553 -0.674 15.928 148 141 125 0.007130 0.999264 -0.037689
-1.583 -0.675 15.922 153 150 143 0.003026 0.999568 -0.029251
-1.568 -0.673 15.934 99 94 90 0.005093 0.999198 -0.039723
-1.586 -0.673 15.926 131 123 110 0.005043 0.999559 -0.029250
-1.565 -0.674 15.934 88 89 84 0.004984 0.999876 -0.014953
-1.550 -0.673 15.927 157 153 142 0.005133 0.998919 -0.046199
-1.548 -0.675 15.922 151 143 132 0.002973 0.999936 -0.010901
-1.577 -0.674 15.924 159 148 146 0.003146 0.997373 -0.072365
-1.551 -0.673 15.929 150 150 142 0.001032 0.998386 -0.056785
-1.592 -0.674 15.920 156 150 138 0.001046 0.997236 -0.074296
-1.574 -0.674 15.925 164 154 153 -0.001057 0.996331 -0.085581
-1.577 -0.673 15.927 142 141 137 -0.003226 0.994762 -0.102165
-1.586 -0.673 15.921 146 137 128 0.007075 0.999603 -0.027289
-1.580 -0.673 15.926 142 132 120 -0.001059 0.996315 -0.085761
-1.569 -0.674 15.931 133 129 126 0.001049 0.997224 -0.074451
-1.582 -0.673 15.925 142 133 116 0.005194 0.998232 -0.059208
-1.564 -0.676 15.931 154 154 146 0.007130 0.999264 -0.037689
-1.551 -0.674 15.925 148 140 127 0.001040 0.997710 -0.067624
-1.557 -0.675 15.929 150 142 129 -0.001051 0.997054 -0.076696
-1.600 -0.673 15.925 158 153 157 -0.007854 0.988432 -0.151462
-1.605 -0.675 15.925 147 148 140 -0.007750 0.990955 -0.133973
-1.604 -0.673 15.926 149 147 148 0.004907 0.999987 -0.000981
-1.623 -0.673 15.925 147 143 144 -0.005534 0.990673 -0.136148
-1.614 -0.673 15.926 113 94 87 0.001045 0.997548 -0.069985
-1.611 -0.672 15.927 119 100 96 0.007131 0.999339 -0.035654
-1.618 -0.673 15.926 133 128 124 0.003085 0.998619 -0.052451
-1.613 -0.672 15.929 139 128 122 0.001032 0.998386 -0.056785
-1.609 -0.673 15.925 91 87 75 0.003098 0.998497 -0.054726
-1.604 -0.676 15.921 156 162 148 0.001036 0.997999 -0.063217
-1.597 -0.673 15.921 151 146 140 0.005073 0.999426 -0.033483
-1.608 -0.673 15.926 118 119 101 0.007075 0.999603 -0.027289
-1.596 -0.672 15.925 160 156 144 0.003103 0.998255 -0.058964
-1.617 -0.674 15.922 131 127 118 0.003115 0.997987 -0.063348
-1.613 -0.675 15.922 130 123 117 0.003116 0.998116 -0.061279
-1.699 -0.673 15.948 151 151 143 -0.003115 0.997987 -0.063348
-1.742 -0.672 15.961 167 158 153 0.001020 0.998945 -0.045917
-1.707 -0.672 15.953 143 135 132 0.001018 0.999127 -0.041758
-1.742 -0.673 15.969 128 124 123 0.003062 0.999120 -0.041843
-1.658 -0.673 15.927 159 159 161 0.005004 0.999767 -0.021016
-1.663 -0.673 15.925 170 167 162 0.003020 0.999626 -0.027180
-1.662 -0.670 15.933 121 124 113 0.007061 0.999604 -0.027234
-1.743 -0.671 15.969 118 121 114 0.005063 0.999429 -0.033416
-1.699 -0.671 15.952 160 156 155 0.005034 0.999671 -0.025168
-1.690 -0.674 15.937 160 156 157 0.005053 0.999496 -0.031329
-1.635 -0.672 15.926 157 148 149 0.003134 0.997543 -0.069985
-1.712 -0.672 15.956 152 143 146 0.005043 0.999616 -0.027235
-1.711 -0.673 15.952 161 153 150 0.001007 0.999573 -0.029192
-1.691 -0.673 15.943 144 143 139 0.001009 0.999511 -0.031266
-1.685 -0.672 15.943 151 148 139 -0.011340 0.998953 -0.044329
-1.641 -0.673 15.925 154 157 146 -0.007372 0.997329 -0.072667
-1.689 -0.672 15.942 140 140 130 -0.005083 0.999279 -0.037613
-1.732 -0.672 15.961 130 131 123 0.001010 0.999374 -0.035367
-1.747 -0.671 15.966 142 133 128 -0.001016 0.999213 -0.039643
-1.684 -0.673 15.934 143 153 144 -0.003049 0.999209 -0.039643
-1.722 -0.672 15.956 155 151 140 -0.003056 0.999206 -0.039724
-1.702 -0.673 15.952 151 158 142 0.001005 0.999632 -0.027126
-1.726 -0.673 15.962 158 154 155 0.005023 0.999672 -0.025117
-1.694 -0.671 15.949 153 155 150 -0.009460 0.997472 -0.070422
-1.695 -0.673 15.947 150 152 147 -0.005193 0.998107 -0.061278
-1.739 -0.673 15.961 155 141 138 -0.003103 0.998255 -0.058964
-1.671 -0.672 15.929 152 147 143 0.003026 0.999507 -0.031266
-1.648 -0.672 15.929 148 140 137 -0.001024 0.998840 -0.048149
-1.676 -0.671 15.939 155 149 137 -0.003044 0.999291 -0.037537
-1.672 -0.671 15.934 149 145 133 0.001012 0.999298 -0.037461
-1.733 -0.671 15.965 111 105 109 -0.001036 0.998128 -0.061152
-1.631 -0.673 15.926 158 150 139 0.003056 0.999206 -0.039724
-1.627 -0.672 15.924 152 142 140 -0.001055 0.996696 -0.081212
-1.666 -0.672 15.930 130 121 122 -0.003109 0.998124 -0.061152
-1.729 -0.672 15.962 134 129 126 -0.005337 0.995862 -0.090727
-1.652 -0.672 15.927 164 154 152 -0.007443 0.996257 -0.086123
-1.680 -0.673 15.935 162 158 147 -0.007473 0.996039 -0.088608
-1.671 -0.673 15.926 154 149 146 -0.001042 0.997558 -0.069839
-1.627 -0.673 15.922 156 151 147 -0.003189 0.996095 -0.088235
-1.668 -0.671 15.929 142 132 133 0.001026 0.998629 -0.052343
-1.676 -0.672 15.931 145 144 140 0.003050 0.999288 -0.037613
-1.649 -0.673 15.927 149 139 137 0.005023 0.999672 -0.025117
-1.645 -0.672 15.926 152 152 140 -0.003109 0.998124 -0.061152
-1.637 -0.673 15.925 159 154 148 -0.001034 0.998136 -0.061026
-1.681 -0.673 15.930 157 158 150 0.001011 0.999443 -0.033348
-1.676 -0.673 15.927 151 152 154 -0.003086 0.998724 -0.050399
-1.663 -0.672 15.928 145 140 137 -0.001020 0.998945 -0.045917
-1.702 -0.673 15.949 149 152 133 -0.001045 0.997548 -0.069985
-1.743 -0.672 15.967 131 142 128 0.005024 0.999720 -0.023109
-1.653 -0.671 15.930 134 131 122 0.004994 0.999807 -0.018977
-1.640 -0.672 15.927 165 165 153 0.005014 0.999766 -0.021058
-1.717 -0.671 15.957 149 146 141 0.009007 0.999815 -0.017014
-1.668 -0.674 15.925 172 162 166 0.004965 0.999928 -0.010923
-1.670 -0.671 15.936 146 143 134 0.007075 0.999545 -0.029309
-1.667 -0.671 15.935 146 144 131 0.001005 0.999575 -0.029133
-1.679 -0.671 15.939 154 148 140 0.003050 0.999288 -0.037613
-1.657 -0.673 15.925 156 154 155 0.002996 0.999815 -0.018978
-1.685 -0.673 15.939 144 150 140 0.007047 0.999707 -0.023155
-1.719 -0.672 15.956 158 154 142 0.010880 0.999936 -0.002967
-1.746 -0.670 15.969 105 108 89 0.001030 0.998393 -0.056668
-1.742 -0.672 15.966 153 154 148 0.001034 0.998260 -0.058965
-1.662 -0.671 15.930 103 107 84 -0.005214 0.997961 -0.063611
-1.736 -0.672 15.965 100 96 97 0.005123 0.998923 -0.046104
-1.676 -0.671 15.935 157 148 139 -0.001038 0.997991 -0.063348
-1.659 -0.671 15.930 130 132 131 -0.001024 0.998739 -0.050193
-1.718 -0.672 15.955 162 159 144 0.001026 0.998734 -0.050296
