-1.974 -0.670 14.914 152 153 148 -0.577350 -0.577350 -0.577350
-1.982 -0.670 14.905 152 147 143 -0.577350 -0.577350 -0.577350
-1.983 -0.670 14.901 159 149 148 -0.577350 -0.577350 -0.577350
-1.992 -0.670 14.895 149 146 131 -0.577350 -0.577350 -0.577350
-1.973 -0.669 14.919 154 151 142 -0.577350 -0.577350 -0.577350
-1.986 -0.671 14.896 148 149 141 -0.577350 -0.577350 -0.577350
-1.965 -0.671 14.915 153 151 152 -0.577350 -0.577350 -0.577350
-1.970 -0.672 14.901 162 155 149 -0.577350 -0.577350 -0.577350
-1.991 -0.670 14.892 144 142 129 -0.577350 -0.577350 -0.577350
-1.965 -0.669 14.923 154 143 137 -0.577350 -0.577350 -0.577350
-1.978 -0.670 14.905 151 146 142 -0.577350 -0.577350 -0.577350
-1.988 -0.671 14.892 156 150 150 -0.577350 -0.577350 -0.577350
-1.984 -0.671 14.894 157 145 145 -0.577350 -0.577350 -0.577350
-1.995 -0.668 14.897 147 143 131 -0.577350 -0.577350 -0.577350
-1.982 -0.671 14.892 160 141 143 -0.577350 -0.577350 -0.577350
-1.973 -0.671 14.901 161 147 138 -0.577350 -0.577350 -0.577350
-1.972 -0.671 14.895 151 146 140 -0.577350 -0.577350 -0.577350
-1.970 -0.672 14.896 153 150 145 -0.577350 -0.577350 -0.577350
-1.988 -0.669 14.909 154 147 139 -0.577350 -0.577350 -0.577350
-1.982 -0.670 14.909 152 145 139 -0.577350 -0.577350 -0.577350
-1.991 -0.669 14.889 140 140 128 -0.577350 -0.577350 -0.577350
-1.974 -0.671 14.894 150 150 140 -0.577350 -0.577350 -0.577350
-1.993 -0.670 14.893 143 140 131 -0.577350 -0.577350 -0.577350
-1.970 -0.672 14.909 159 155 144 -0.577350 -0.577350 -0.577350
-1.975 -0.671 14.905 160 149 143 -0.577350 -0.577350 -0.577350
-1.978 -0.670 14.909 151 146 142 -0.577350 -0.577350 -0.577350
-1.991 -0.668 14.902 147 144 135 -0.577350 -0.577350 -0.577350
-1.986 -0.671 14.898 155 149 137 -0.577350 -0.577350 -0.577350
-1.974 -0.671 14.909 147 150 143 -0.577350 -0.577350 -0.577350
-1.991 -0.668 14.904 146 146 138 -0.577350 -0.577350 -0.577350
-1.963 -0.670 14.921 159 150 143 -0.577350 -0.577350 -0.577350
-1.965 -0.671 14.917 152 151 147 -0.577350 -0.577350 -0.577350
-1.961 -0.671 14.921 159 152 146 -0.577350 -0.577350 -0.577350
-1.977 -0.669 14.914 159 153 155 -0.577350 -0.577350 -0.577350
-1.977 -0.671 14.902 150 145 142 -0.577350 -0.577350 -0.577350
-1.968 -0.671 14.904 163 159 148 -0.577350 -0.577350 -0.577350
-1.982 -0.668 14.913 160 149 145 -0.577350 -0.577350 -0.577350
-1.982 -0.672 14.895 160 134 135 -0.577350 -0.577350 -0.577350
-1.995 -0.669 14.892 154 140 137 -0.577350 -0.577350 -0.577350
-1.970 -0.671 14.913 156 153 146 -0.577350 -0.577350 -0.577350
-1.977 -0.671 14.897 153 149 140 -0.577350 -0.577350 -0.577350
-1.986 -0.669 14.905 144 133 137 -0.577350 -0.577350 -0.577350
-1.969 -0.670 14.918 153 150 135 -0.577350 -0.577350 -0.577350
-1.979 -0.671 14.893 160 142 138 -0.577350 -0.577350 -0.577350
-1.991 -0.670 14.897 153 145 132 -0.577350 -0.577350 -0.577350
-1.961 -0.671 14.919 162 154 151 -0.577350 -0.577350 -0.577350
-1.987 -0.670 14.901 157 148 139 -0.577350 -0.577350 -0.577350
