-0.477 -0.690 15.701 121 121 109 0.018230 -0.996238 -0.084718
-0.496 -0.683 15.715 134 134 122 0.132860 0.973038 -0.188534
-0.464 -0.682 15.684 163 158 152 0.140743 -0.977728 -0.155689
-0.481 -0.690 15.710 98 87 69 0.087390 0.966356 -0.241906
-0.498 -0.682 15.711 140 137 120 0.137829 0.967383 -0.212541
-0.477 -0.688 15.698 101 101 93 0.106451 -0.980086 -0.167630
-0.469 -0.685 15.686 160 157 147 0.119526 -0.979621 -0.161422
-0.484 -0.688 15.712 102 87 54 0.107539 0.970377 -0.216342
-0.469 -0.689 15.707 158 160 141 -0.115258 0.992563 -0.039165
-0.483 -0.688 15.715 101 78 66 0.064815 0.974678 -0.214013
-0.471 -0.688 15.715 151 143 146 -0.035405 0.968154 -0.247838
-0.466 -0.689 15.708 166 167 162 -0.112341 0.993621 -0.009816
-0.496 -0.685 15.694 140 133 117 0.063348 0.997991 0.001038
-0.479 -0.689 15.702 83 82 64 0.049952 0.997977 -0.039324
-0.475 -0.688 15.718 124 120 109 -0.006136 0.955999 -0.293304
-0.466 -0.685 15.689 160 162 147 0.066494 -0.988083 -0.138822
-0.465 -0.687 15.706 167 166 162 -0.152304 0.987068 -0.049993
-0.481 -0.687 15.692 147 132 125 -0.045232 -0.986995 -0.154254
-0.467 -0.687 15.702 163 167 152 0.153465 -0.976936 -0.148474
-0.479 -0.689 15.716 112 108 96 0.079404 0.966707 -0.243252
-0.498 -0.682 15.711 138 135 118 0.156872 0.965867 -0.206138
-0.466 -0.684 15.687 157 164 148 0.109962 -0.987296 -0.114692
-0.491 -0.682 15.721 131 125 113 0.117139 0.964141 -0.238139
-0.473 -0.684 15.681 161 161 149 0.142691 -0.981764 -0.125617
-0.474 -0.690 15.709 126 124 126 -0.068136 0.989703 -0.125878
-0.502 -0.684 15.705 147 139 128 0.121262 0.981120 -0.150659
-0.488 -0.687 15.707 121 110 90 0.117786 0.986310 -0.115407
-0.484 -0.687 15.692 138 132 119 -0.062270 -0.985751 -0.156263
-0.474 -0.688 15.698 155 151 144 0.124932 -0.978431 -0.164515
-0.483 -0.687 15.691 141 132 122 -0.059243 -0.978107 -0.199490
-0.488 -0.685 15.690 137 127 125 0.001093 0.991782 0.127937
-0.496 -0.684 15.712 132 129 114 0.142398 0.968564 -0.203976
-0.468 -0.688 15.711 158 162 149 -0.087295 0.984166 -0.154262
-0.501 -0.683 15.712 141 139 124 0.117777 0.971348 -0.206427
-0.475 -0.689 15.715 126 123 118 -0.017547 0.979150 -0.202381
-0.479 -0.688 15.718 108 95 83 0.096263 0.961342 -0.257984
-0.497 -0.686 15.702 127 120 92 0.111327 0.985181 -0.130480
-0.477 -0.691 15.710 105 104 106 0.061681 0.978433 -0.197138
-0.468 -0.685 15.694 150 154 137 0.163080 -0.977237 -0.135693
-0.480 -0.692 15.712 95 94 82 0.053962 0.979702 -0.193062
-0.496 -0.681 15.721 124 123 105 0.140980 0.966163 -0.215996
-0.506 -0.683 15.705 151 149 136 0.137128 0.974995 -0.174870
-0.473 -0.687 15.694 162 159 152 0.104194 -0.979423 -0.172839
-0.501 -0.684 15.695 139 130 113 0.111327 0.985181 -0.130480
-0.471 -0.690 15.710 151 144 138 -0.038828 0.982462 -0.182373
-0.471 -0.685 15.681 155 161 143 0.089522 -0.984746 -0.149204
-0.477 -0.685 15.685 139 136 119 0.113381 -0.981413 -0.154832
-0.481 -0.691 15.705 91 90 70 0.076630 0.991613 -0.104079
-0.471 -0.688 15.693 169 164 159 0.183455 -0.972945 -0.140438
-0.484 -0.685 15.689 133 117 102 0.003326 -0.990032 -0.140800
-0.485 -0.688 15.700 109 91 69 0.103644 0.992023 -0.071754
-0.484 -0.689 15.702 116 90 68 0.073251 0.995989 -0.051385
-0.465 -0.686 15.699 168 165 160 0.213449 -0.966344 -0.143593
-0.474 -0.687 15.695 150 150 142 0.163016 -0.974303 -0.155434
-0.493 -0.686 15.706 132 122 95 0.146112 0.971963 -0.184228
-0.488 -0.686 15.714 127 122 102 0.144152 0.964910 -0.219475
-0.483 -0.689 15.708 95 74 45 0.129376 0.979561 -0.154019
-0.481 -0.690 15.710 96 80 55 0.083985 0.979824 -0.181359
-0.464 -0.685 15.695 166 163 158 0.173397 -0.976760 -0.125993
-0.482 -0.683 15.721 137 143 131 0.046495 0.958807 -0.280228
-0.506 -0.683 15.701 148 148 138 0.144648 0.974804 -0.169805
-0.470 -0.688 15.700 163 158 147 0.120008 -0.990923 -0.060575
-0.475 -0.685 15.684 152 157 137 0.079003 -0.986949 -0.140319
-0.479 -0.691 15.715 115 113 106 0.075405 0.972852 -0.218799
-0.469 -0.687 15.698 156 157 143 0.162732 -0.969988 -0.180671
-0.471 -0.689 15.703 170 161 156 0.131011 -0.976966 -0.168442
-0.490 -0.686 15.700 132 125 107 0.117431 0.989447 -0.084876
-0.501 -0.685 15.701 138 131 113 0.179251 0.964294 -0.194952
-0.492 -0.685 15.710 121 110 90 0.171737 0.957198 -0.232976
-0.468 -0.682 15.681 154 154 144 0.185571 -0.973303 -0.135076
-0.492 -0.684 15.691 132 126 112 -0.017420 -0.981315 -0.191618
-0.470 -0.685 15.689 172 164 162 0.140688 -0.977346 -0.158118
-0.487 -0.682 15.721 141 138 131 0.108910 0.953951 -0.279493
-0.488 -0.687 15.711 115 108 82 0.135944 0.981003 -0.138394
-0.474 -0.690 15.713 129 123 123 -0.022449 0.977122 -0.211493
-0.491 -0.683 15.716 134 124 114 0.166014 0.963404 -0.210459
-0.493 -0.684 15.692 140 134 118 0.044709 0.989323 -0.138712
-0.480 -0.685 15.688 136 127 110 0.050404 -0.993514 -0.101928
-0.493 -0.686 15.701 136 129 103 0.170460 0.979836 -0.104238
-0.500 -0.682 15.716 138 141 120 0.110868 0.975388 -0.190593
-0.468 -0.683 15.683 158 153 149 0.124932 -0.978431 -0.164515
-0.505 -0.682 15.709 154 151 136 0.112987 0.977150 -0.180034
-0.479 -0.688 15.691 150 140 130 -0.012275 -0.989830 -0.141723
-0.488 -0.686 15.699 127 117 107 0.103315 0.990194 -0.094028
-0.496 -0.685 15.705 123 117 85 0.093405 0.987252 -0.128875
-0.492 -0.684 15.716 135 127 116 0.141348 0.971607 -0.189737
-0.484 -0.682 15.727 133 129 124 0.103849 0.950412 -0.293142
-0.479 -0.684 15.723 140 137 135 0.101342 0.948932 -0.298762
-0.487 -0.682 15.724 119 118 114 0.117058 0.953562 -0.277519
-0.483 -0.680 15.733 159 153 137 0.109295 0.952052 -0.285747
-0.487 -0.680 15.727 144 139 135 0.113973 0.955011 -0.273796
-0.483 -0.680 15.728 149 148 130 0.087791 0.947352 -0.307922
-0.487 -0.679 15.730 160 151 146 0.099653 0.958999 -0.265310
-0.483 -0.683 15.724 148 146 142 0.060451 0.950488 -0.304825
-0.478 -0.681 15.732 160 155 144 0.006132 0.955309 -0.295545
-0.492 -0.680 15.724 128 119 110 0.078720 0.953674 -0.290361
-0.501 -0.680 15.722 153 151 130 0.145177 0.961308 -0.234115
-0.496 -0.680 15.724 151 144 138 0.136450 0.962949 -0.232615
-0.500 -0.681 15.719 122 124 103 0.122415 0.973011 -0.195612
-0.493 -0.680 15.728 155 146 141 0.115240 0.962058 -0.247312
-0.491 -0.680 15.731 157 152 149 0.052158 0.952841 -0.298955
-0.501 -0.680 15.727 160 151 142 0.144655 0.944992 -0.293367
-0.456 -0.683 15.698 169 164 158 0.177721 -0.979306 -0.096827
-0.469 -0.685 15.720 140 137 132 -0.026596 0.946043 -0.322947
-0.457 -0.683 15.693 166 154 154 0.202798 -0.967488 -0.151130
-0.465 -0.682 15.720 149 151 137 -0.070617 0.953974 -0.291456
-0.467 -0.684 15.719 155 149 138 -0.068050 0.982549 -0.173110
-0.460 -0.680 15.728 161 154 144 -0.037702 0.932145 -0.360117
-0.475 -0.685 15.721 119 114 101 0.018427 0.959437 -0.281320
-0.472 -0.688 15.719 133 132 128 -0.023054 0.967037 -0.253589
-0.471 -0.684 15.723 163 165 151 -0.022826 0.971904 -0.234266
-0.461 -0.681 15.725 149 146 131 -0.052003 0.975963 -0.211640
-0.473 -0.680 15.729 158 155 146 0.048244 0.966109 -0.253588
-0.463 -0.679 15.729 158 154 145 -0.023173 0.964730 -0.262221
-0.469 -0.681 15.725 162 155 149 0.003600 0.966129 -0.258034
-0.465 -0.687 15.712 164 164 158 -0.160096 0.974443 -0.157575
-0.473 -0.685 15.722 135 131 125 0.006136 0.955999 -0.293304
-0.470 -0.681 15.728 167 155 153 -0.033800 0.955152 -0.294182
-0.478 -0.682 15.725 147 146 141 0.076995 0.946128 -0.314506
-0.458 -0.686 15.709 178 173 167 -0.172037 0.984239 -0.040961
-0.458 -0.686 15.704 171 161 158 0.218671 -0.962415 -0.161057
-0.460 -0.686 15.699 168 160 159 0.201441 -0.968711 -0.144986
-0.460 -0.685 15.698 173 161 163 0.222749 -0.960853 -0.164755
-0.461 -0.687 15.707 182 165 171 0.235873 -0.971313 -0.030240
-0.461 -0.683 15.719 149 150 142 -0.101394 0.972635 -0.209048
-0.461 -0.681 15.724 152 148 136 -0.074030 0.949403 -0.305212
-0.456 -0.682 15.690 163 156 155 0.148842 -0.980389 -0.129160
-0.467 -0.683 15.722 161 154 144 -0.065935 0.969119 -0.237615
-0.457 -0.684 15.707 175 168 162 0.238139 -0.964141 -0.117139
-0.463 -0.686 15.703 164 158 157 0.216421 -0.972020 -0.091322
-0.454 -0.684 15.703 169 165 157 0.224973 -0.963614 -0.144347
-0.461 -0.687 15.712 185 173 173 -0.175917 0.965588 -0.191554
-0.463 -0.684 15.692 167 162 158 0.149144 -0.976326 -0.156663
-0.466 -0.682 15.723 146 143 132 -0.070709 0.971321 -0.227014
-0.478 -0.681 15.728 158 153 147 0.057553 0.952830 -0.297999
-0.463 -0.685 15.694 164 159 155 0.158973 -0.979716 -0.122002
-0.464 -0.684 15.718 121 132 114 -0.100235 0.968097 -0.229653
-0.457 -0.684 15.710 177 170 167 -0.156176 0.986801 -0.042804
-0.459 -0.684 15.717 173 168 172 -0.156389 0.972666 -0.171647
-0.469 -0.687 15.716 145 125 129 -0.084307 0.967643 -0.237821
-0.461 -0.683 15.689 160 150 148 0.138472 -0.976790 -0.163422
-0.459 -0.684 15.695 169 159 158 0.132068 -0.974786 -0.179864
-0.478 -0.685 15.721 126 119 109 0.043326 0.964314 -0.261194
-0.466 -0.686 15.714 148 151 140 -0.151130 0.967488 -0.202798
-0.467 -0.681 15.727 160 149 147 0.021106 0.954730 -0.296724
-0.460 -0.686 15.715 172 178 166 -0.165032 0.965503 -0.201417
-0.456 -0.682 15.721 167 167 154 -0.147647 0.969337 -0.196435
-0.474 -0.682 15.724 147 142 138 -0.028941 0.950033 -0.310805
-0.455 -0.683 15.716 164 163 154 -0.084759 0.976577 -0.197772
-0.453 -0.683 15.715 160 155 151 -0.139375 0.975623 -0.169510
-0.453 -0.683 15.706 163 164 151 0.222785 -0.974833 0.008251
-0.453 -0.683 15.711 166 160 149 -0.121204 0.968356 -0.218167
