-1.494 -0.682 15.478 124 111 94 -0.005004 0.999807 -0.019015
-1.506 -0.680 15.463 135 129 105 -0.021227 0.999688 -0.013140
-1.502 -0.678 15.455 124 134 109 -0.009007 0.999815 -0.017014
-1.506 -0.678 15.473 133 122 100 -0.011031 0.999794 0.017048
-1.480 -0.679 15.485 117 113 104 -0.006883 0.999976 0.000983
-1.462 -0.680 15.477 115 108 100 -0.007033 0.999753 -0.021100
-1.512 -0.679 15.465 119 122 105 0.005014 0.999721 -0.023063
-1.498 -0.679 15.454 115 115 81 -0.058325 0.997887 0.028632
-1.506 -0.680 15.460 130 124 100 -0.044690 0.998762 0.021825
-1.484 -0.679 15.483 119 115 86 -0.010880 0.999940 0.000989
-1.467 -0.678 15.451 118 122 95 -0.025523 0.999486 0.019398
-1.463 -0.680 15.463 109 87 76 0.044510 -0.998888 -0.015527
-1.507 -0.679 15.468 148 131 123 -0.044420 0.998923 -0.013429
-1.480 -0.678 15.447 112 106 92 -0.033891 0.999273 -0.017459
-1.486 -0.680 15.455 86 76 67 -0.027398 0.999538 -0.013192
-1.477 -0.677 15.447 131 109 95 0.031617 -0.995395 -0.090490
-1.480 -0.679 15.452 123 101 88 0.001077 -0.994066 -0.108776
-1.481 -0.679 15.479 109 102 58 0.007006 0.999831 -0.017014
-1.464 -0.678 15.447 135 134 129 -0.013802 0.996897 0.077501
-1.479 -0.677 15.470 97 90 38 0.029904 -0.999220 -0.025780
-1.478 -0.677 15.454 84 65 51 -0.011385 0.998751 0.048644
-1.499 -0.680 15.478 121 118 101 0.025370 0.999562 -0.015222
-1.456 -0.678 15.472 144 127 120 -0.023434 0.999496 -0.021396
-1.486 -0.680 15.463 115 108 92 0.050355 -0.997461 -0.050355
-1.496 -0.679 15.455 122 118 91 -0.037689 0.999277 -0.005093
-1.484 -0.678 15.486 127 120 94 -0.027898 0.999162 -0.029965
-1.460 -0.680 15.467 129 121 110 -0.027344 0.999564 -0.011140
-1.489 -0.681 15.464 76 77 63 -0.051127 0.998535 -0.017738
-1.470 -0.677 15.455 69 50 44 -0.025625 0.999394 0.023575
-1.464 -0.679 15.463 74 60 59 -0.037537 0.999295 0.001015
-1.499 -0.680 15.463 130 120 110 -0.036162 0.999110 -0.021697
-1.453 -0.678 15.468 136 128 117 0.002996 -0.999815 -0.018978
-1.476 -0.677 15.471 109 95 68 -0.021481 0.999388 -0.027619
-1.457 -0.679 15.469 144 126 122 -0.000979 -0.999995 0.002938
-1.473 -0.680 15.485 119 108 104 -0.013297 0.999342 -0.033755
-1.470 -0.677 15.459 79 48 46 -0.000993 0.999857 -0.016879
-1.489 -0.679 15.484 141 134 124 -0.006910 0.999964 -0.004936
-1.490 -0.680 15.482 137 113 109 0.009151 0.999461 -0.031519
-1.493 -0.678 15.447 115 104 74 -0.001071 0.995026 0.099610
-1.504 -0.677 15.448 115 106 91 -0.005023 0.999672 0.025117
-1.489 -0.678 15.448 111 105 89 -0.003219 -0.994785 -0.101947
-1.507 -0.678 15.456 130 122 103 -0.012908 0.999904 -0.004965
-1.470 -0.679 15.473 98 87 67 0.011428 -0.998417 -0.055064
-1.489 -0.679 15.451 77 64 48 -0.021682 -0.987101 -0.158621
-1.478 -0.677 15.474 107 99 53 -0.023063 0.999721 -0.005014
-1.485 -0.680 15.461 107 95 79 -0.042013 0.999091 0.007173
-1.481 -0.677 15.469 93 86 42 0.046199 -0.998919 -0.005133
-1.491 -0.681 15.474 127 103 77 -0.018902 0.999821 0.000995
-1.503 -0.678 15.473 109 107 82 0.029309 0.999545 0.007075
-1.486 -0.681 15.460 106 104 89 -0.038407 0.995301 0.088886
-1.492 -0.681 15.455 94 88 66 0.036065 -0.995613 -0.086337
-1.497 -0.679 15.452 115 109 75 0.048445 -0.998800 -0.007215
-1.484 -0.678 15.463 126 104 81 0.019865 -0.998489 -0.051231
-1.458 -0.680 15.460 120 113 97 -0.015525 -0.998794 -0.046576
-1.458 -0.678 15.451 131 126 104 -0.000993 0.999889 -0.014894
-1.508 -0.677 15.451 119 113 89 -0.031773 0.999305 -0.019474
-1.466 -0.679 15.480 88 69 63 0.005043 -0.999559 -0.029250
-1.476 -0.681 15.482 117 93 89 0.019091 0.999777 0.009043
-1.490 -0.681 15.469 111 99 77 -0.045917 0.998945 0.001020
-1.458 -0.679 15.456 122 114 91 0.013037 0.999802 0.015042
-1.468 -0.676 15.465 107 89 69 0.044286 -0.996984 -0.063729
-1.453 -0.677 15.463 122 116 102 -0.021354 0.999585 0.019321
-1.461 -0.681 15.465 119 112 93 -0.020974 0.999780 -0.000999
-1.468 -0.679 15.482 107 86 85 -0.038303 0.998982 -0.023810
-1.480 -0.676 15.464 108 90 44 0.032222 -0.998892 -0.034301
-1.476 -0.677 15.455 71 55 40 -0.050566 0.997328 0.052717
-1.461 -0.678 15.451 119 124 104 -0.031773 0.999305 -0.019474
-1.455 -0.678 15.473 157 140 132 -0.019398 0.999486 -0.025523
-1.462 -0.680 15.473 96 99 82 -0.050399 0.998716 0.005143
-1.499 -0.679 15.480 128 118 106 0.023388 -0.999577 -0.017287
-1.503 -0.677 15.476 110 104 92 -0.041166 0.993546 0.105696
-1.465 -0.679 15.468 64 49 54 -0.025624 0.999343 0.025624
-1.467 -0.677 15.468 81 73 60 0.011097 -0.999714 -0.021185
-1.464 -0.681 15.468 110 94 79 -0.002956 0.999984 0.004926
-1.467 -0.677 15.456 67 66 45 0.003079 -0.998730 -0.050296
-1.499 -0.680 15.459 125 120 98 0.009079 0.999690 -0.023202
-1.483 -0.678 15.469 100 74 39 -0.021610 0.999190 -0.033958
-1.477 -0.679 15.478 112 86 89 -0.007215 0.998698 -0.050502
-1.477 -0.680 15.486 131 113 111 0.011031 0.999794 0.017048
-1.494 -0.681 15.480 135 137 126 -0.023481 0.999494 -0.021440
-1.480 -0.679 15.455 101 79 66 0.056682 -0.994718 -0.085579
-1.489 -0.678 15.487 140 138 115 0.021354 -0.999585 -0.019321
-1.475 -0.677 15.465 113 90 58 0.048610 -0.997049 -0.059412
-1.494 -0.679 15.482 131 133 122 0.005123 0.999016 -0.044059
-1.458 -0.680 15.465 133 123 114 -0.027398 0.999538 -0.013192
-1.487 -0.679 15.451 76 63 47 -0.023623 0.999336 -0.027731
-1.474 -0.677 15.446 133 129 118 -0.036137 0.995403 0.088699
-1.501 -0.677 15.485 134 135 117 0.004994 0.999807 -0.018977
-1.502 -0.678 15.469 121 111 101 -0.027235 0.999616 -0.005043
-1.461 -0.679 15.456 119 107 91 -0.004945 0.999964 0.006924
-1.495 -0.680 15.459 133 135 114 -0.073582 0.997083 -0.020262
-1.455 -0.678 15.477 157 137 130 -0.005053 0.999558 -0.029310
-1.472 -0.679 15.477 108 90 76 -0.005315 0.996086 0.088234
-1.468 -0.679 15.479 96 69 74 -0.041534 0.997883 -0.050054
-1.469 -0.679 15.486 149 140 135 -0.015072 0.999773 0.015072
-1.493 -0.681 15.468 96 86 61 0.033551 -0.999412 -0.007117
-1.460 -0.679 15.478 155 135 136 0.013088 -0.999731 -0.019129
-1.494 -0.681 15.473 109 98 76 -0.003044 0.999365 -0.035510
-1.458 -0.679 15.478 157 144 136 0.001009 -0.999511 -0.031266
-1.475 -0.678 15.451 120 102 100 0.026876 -0.996554 -0.078477
-1.466 -0.678 15.476 82 60 63 -0.027954 0.999094 0.032095
-1.496 -0.677 15.446 117 113 84 -0.025675 0.999286 -0.027729
-1.480 -0.679 15.482 101 97 72 -0.019435 0.999371 -0.029664
-1.475 -0.677 15.469 93 75 65 -0.054839 0.998482 -0.005173
-1.502 -0.677 15.450 100 99 79 -0.049141 0.998502 -0.024048
-1.467 -0.676 15.459 58 55 40 0.029491 -0.995038 -0.095026
-1.455 -0.678 15.455 122 114 103 -0.001026 -0.998734 -0.050296
-1.511 -0.678 15.461 122 123 109 0.052992 -0.998530 -0.011430
-1.472 -0.677 15.466 100 71 65 0.009132 0.999463 0.031455
-1.493 -0.678 15.487 142 138 109 0.030023 0.999034 -0.032093
-1.473 -0.680 15.482 100 90 80 0.005034 -0.999671 -0.025168
-1.503 -0.679 15.463 138 124 111 0.016402 -0.993988 -0.108256
-1.467 -0.678 15.446 137 134 119 0.057950 -0.991962 -0.112490
-1.498 -0.678 15.482 119 109 99 -0.005173 0.998366 -0.056902
-1.499 -0.680 15.474 116 116 106 -0.023202 0.999690 0.009079
-1.490 -0.676 15.443 97 85 61 0.003140 -0.997533 -0.070131
-1.480 -0.676 15.460 113 87 52 0.032442 -0.992280 -0.119700
-1.461 -0.680 15.461 121 104 88 0.015013 0.999847 0.009008
-1.463 -0.680 15.459 108 96 82 -0.013063 -0.999801 -0.015072
-1.483 -0.677 15.446 93 74 68 0.009424 0.997913 0.063875
-1.471 -0.677 15.468 113 85 71 0.009008 0.999847 -0.015013
-1.461 -0.679 15.482 159 144 141 -0.005023 0.999672 -0.025117
-1.491 -0.681 15.478 123 88 68 -0.001012 0.999298 -0.037461
-1.475 -0.677 15.458 74 66 29 -0.054554 0.994226 0.092408
-1.511 -0.678 15.455 124 126 105 -0.063743 0.997940 -0.007315
-1.498 -0.679 15.468 109 98 94 -0.035654 0.999339 -0.007131
-1.499 -0.678 15.449 104 107 78 -0.034720 0.998466 0.043137
-1.489 -0.680 15.459 82 77 57 -0.031582 0.999413 0.013244
-1.455 -0.678 15.481 151 149 128 -0.013271 0.999411 0.031646
-1.477 -0.678 15.452 114 91 83 0.030690 -0.997954 -0.056089
-1.467 -0.679 15.474 78 59 61 -0.004945 0.999964 -0.006924
-1.481 -0.677 15.458 106 84 61 -0.042457 0.996104 0.077293
-1.464 -0.679 15.474 73 64 59 -0.023434 0.999496 -0.021396
-1.503 -0.677 15.483 131 134 117 -0.004984 0.999844 -0.016947
-1.471 -0.677 15.451 112 111 91 -0.033474 0.996659 0.074506
-1.517 -0.678 15.459 123 118 115 -0.040372 0.998948 -0.021739
-1.453 -0.678 15.460 121 115 101 0.010987 0.999855 -0.012985
-1.503 -0.680 15.460 137 136 116 -0.019205 0.999668 -0.017183
-1.498 -0.678 15.485 140 130 120 0.005024 0.999720 -0.023109
-1.493 -0.681 15.464 114 91 59 -0.004994 0.999807 -0.018977
-1.494 -0.680 15.453 113 111 88 -0.039722 0.997335 0.061193
-1.484 -0.679 15.478 100 100 64 -0.013403 0.999016 -0.042270
-1.471 -0.677 15.447 138 137 119 0.034677 -0.992205 -0.119691
-1.458 -0.679 15.481 156 149 139 0.000997 0.999780 0.020933
