-1.364 -0.680 15.299 132 130 117 0.016748 -0.990383 -0.137336
-1.331 -0.680 15.305 139 132 116 -0.027112 -0.979580 -0.199217
-1.502 -0.676 15.297 128 121 113 0.041796 -0.978035 -0.204205
-1.359 -0.680 15.301 144 137 129 0.034686 -0.992469 -0.117485
-1.532 -0.676 15.292 139 137 116 0.068970 -0.978892 -0.192390
-1.475 -0.677 15.302 128 124 112 -0.051836 -0.977654 -0.203728
-1.525 -0.676 15.294 125 125 97 0.056033 -0.981179 -0.184791
-1.347 -0.679 15.300 137 140 123 0.010006 -0.990556 -0.136743
-1.541 -0.678 15.296 127 130 121 0.097731 -0.976076 -0.194226
-1.454 -0.678 15.301 145 122 132 -0.095685 -0.982290 -0.161091
-1.530 -0.676 15.293 126 124 103 0.090804 -0.973963 -0.207729
-1.352 -0.680 15.304 152 145 129 0.009892 -0.992481 -0.121999
-1.280 -0.681 15.307 132 127 123 0.019686 -0.983137 -0.181805
-1.350 -0.680 15.301 150 147 132 -0.032632 0.991346 0.127153
-1.519 -0.676 15.296 131 136 116 0.051449 -0.979921 -0.192634
-1.396 -0.678 15.303 129 123 107 -0.008237 -0.975457 -0.220037
-1.365 -0.682 15.306 142 138 126 0.025366 -0.993698 -0.109185
-1.357 -0.681 15.306 138 141 130 0.007866 -0.987696 -0.156189
-1.550 -0.677 15.290 136 133 126 0.139877 -0.974096 -0.177681
-1.279 -0.681 15.310 120 120 108 -0.001112 -0.988993 -0.147960
-1.258 -0.679 15.303 113 106 78 0.022205 -0.980518 -0.195169
-1.298 -0.678 15.302 135 125 116 0.012903 -0.977116 -0.212315
-1.502 -0.677 15.301 113 97 97 0.049682 -0.975464 -0.214481
-1.281 -0.679 15.303 160 142 140 0.015042 -0.982379 -0.186293
-1.433 -0.678 15.301 136 133 116 -0.034352 -0.979636 -0.197822
-1.267 -0.679 15.302 142 133 131 0.012601 -0.984029 -0.177561
-1.514 -0.676 15.297 148 130 142 0.051061 -0.982031 -0.181682
-1.513 -0.677 15.303 119 110 103 0.063242 -0.982034 -0.177792
-1.378 -0.678 15.301 132 134 123 -0.052799 -0.971265 -0.232072
-1.257 -0.680 15.307 127 118 101 0.050555 -0.984064 -0.170477
-1.329 -0.679 15.302 128 132 115 -0.012723 -0.981985 -0.188532
-1.524 -0.674 15.295 90 85 65 0.066151 -0.980239 -0.186426
-1.497 -0.677 15.305 107 89 75 0.067814 -0.983897 -0.165371
-1.254 -0.681 15.308 129 118 112 -0.030552 0.990111 0.136918
-1.289 -0.681 15.310 136 133 126 0.017036 -0.986948 -0.160138
-1.419 -0.679 15.301 157 152 130 0.015557 -0.970516 -0.240535
-1.538 -0.677 15.293 139 136 129 0.086905 -0.977984 -0.189722
-1.366 -0.680 15.300 130 132 119 0.025706 -0.991372 -0.128532
-1.547 -0.678 15.289 135 136 122 0.096200 -0.973249 -0.208643
-1.241 -0.680 15.307 123 112 108 0.021150 -0.991832 -0.125788
-1.334 -0.679 15.301 144 131 122 -0.007913 -0.986817 -0.161644
-1.493 -0.676 15.300 118 115 96 0.026801 -0.982321 -0.185278
-1.243 -0.679 15.306 141 123 123 0.023646 -0.989763 -0.140751
-1.497 -0.676 15.297 122 131 112 0.056033 -0.981179 -0.184791
-1.378 -0.680 15.306 112 120 96 -0.034797 -0.975511 -0.217180
-1.293 -0.679 15.305 143 138 116 0.008042 -0.982277 -0.187264
-1.390 -0.678 15.304 138 127 107 -0.047758 -0.971088 -0.233894
-1.489 -0.674 15.301 85 71 60 0.096150 -0.972739 -0.211031
-1.266 -0.680 15.305 133 134 129 0.001116 -0.987889 -0.155160
-1.243 -0.679 15.302 156 144 144 0.007809 -0.989559 -0.143916
-1.343 -0.680 15.307 147 115 118 -0.001098 -0.991428 -0.130653
-1.227 -0.679 15.306 133 133 123 0.012298 -0.989468 -0.144228
-1.487 -0.675 15.299 122 113 104 0.030837 -0.987915 -0.151899
-1.315 -0.679 15.301 130 129 101 -0.010306 -0.983652 -0.179783
-1.535 -0.677 15.292 141 128 120 0.070455 -0.982790 -0.170764
-1.551 -0.678 15.294 131 130 125 0.121213 -0.975949 -0.181194
-1.338 -0.680 15.301 156 146 136 -0.007942 -0.985961 -0.166785
-1.351 -0.679 15.305 144 134 122 0.033014 -0.989273 -0.142300
-1.481 -0.676 15.301 132 129 112 -0.007824 -0.989191 -0.146423
-1.505 -0.677 15.297 132 128 125 0.024552 -0.980910 -0.192908
-1.446 -0.679 15.303 135 134 113 -0.056352 -0.979572 -0.193037
-1.234 -0.679 15.306 142 131 127 0.012302 -0.989785 -0.142037
-1.543 -0.679 15.301 113 115 104 0.100423 -0.975719 -0.194648
-1.303 -0.679 15.302 150 140 130 0.001168 -0.975327 -0.220763
-1.320 -0.680 15.307 118 106 94 -0.017138 -0.986032 -0.165672
-1.400 -0.677 15.300 128 138 114 0.023028 -0.968370 -0.248455
-1.263 -0.680 15.305 137 125 109 0.019132 -0.989221 -0.145176
-1.520 -0.677 15.303 117 105 107 0.051158 -0.981518 -0.184406
-1.545 -0.679 15.299 114 126 106 0.100862 -0.975001 -0.197989
-1.302 -0.680 15.308 118 113 93 -0.001176 -0.972780 -0.231726
-1.239 -0.679 15.301 154 141 135 0.019714 -0.982219 -0.186703
-1.307 -0.679 15.302 135 126 117 -0.010382 -0.981664 -0.190334
-1.400 -0.678 15.305 127 129 118 0.017960 -0.971033 -0.238268
-1.253 -0.679 15.301 121 111 99 0.035915 -0.985914 -0.163354
-1.273 -0.682 15.310 146 142 130 0.019649 -0.983624 -0.179156
-1.516 -0.677 15.302 118 104 117 0.037877 -0.988252 -0.148066
-1.329 -0.680 15.306 121 128 110 -0.012606 -0.984427 -0.175340
-1.498 -0.676 15.302 102 109 78 0.080707 -0.981740 -0.172256
-1.534 -0.677 15.298 115 111 84 0.094387 -0.970295 -0.222753
-1.449 -0.679 15.304 141 146 126 -0.059243 -0.978107 -0.199490
-1.530 -0.676 15.300 96 92 83 0.058125 -0.983380 -0.172003
-1.403 -0.679 15.305 141 145 130 -0.001180 -0.971447 -0.237255
-1.337 -0.679 15.307 134 127 111 -0.014516 -0.990417 -0.137341
-1.472 -0.676 15.302 133 121 105 -0.079382 -0.978231 -0.191738
-1.547 -0.679 15.297 137 128 119 0.129733 -0.973627 -0.187672
-1.394 -0.677 15.301 123 119 110 -0.015611 -0.969099 -0.246178
-1.331 -0.680 15.302 148 136 124 -0.036325 -0.983127 -0.179283
-1.249 -0.679 15.304 128 124 115 0.026713 -0.983723 -0.177697
-1.485 -0.675 15.304 105 85 86 -0.010382 -0.981664 -0.190334
-1.346 -0.678 15.306 119 118 98 0.007515 -0.995188 -0.097694
-1.273 -0.680 15.305 134 132 119 0.019204 -0.988462 -0.150246
-1.478 -0.676 15.305 130 112 112 0.005368 -0.995202 -0.097695
-1.370 -0.679 15.297 134 122 110 -0.003300 -0.991097 -0.133100
-1.286 -0.680 15.305 156 148 137 0.003475 -0.978752 -0.205017
-1.542 -0.677 15.294 123 138 119 0.106866 -0.971852 -0.209960
-1.312 -0.680 15.306 127 133 119 0.012764 -0.980501 -0.196100
-1.537 -0.677 15.295 133 122 120 0.108354 -0.975189 -0.193045
-1.333 -0.679 15.306 144 128 115 -0.030601 -0.989441 -0.141672
-1.289 -0.679 15.301 155 151 140 0.005888 -0.973816 -0.227263
-1.440 -0.678 15.301 135 130 127 -0.015256 -0.977568 -0.210066
-1.381 -0.678 15.301 133 130 125 -0.054139 -0.978111 -0.200916
-1.427 -0.679 15.299 154 150 125 0.013042 -0.973381 -0.228822
-1.256 -0.678 15.301 110 104 88 0.022051 -0.983012 -0.182211
-1.451 -0.679 15.302 153 139 139 -0.036242 -0.983205 -0.178871
-1.532 -0.677 15.300 109 104 84 0.114773 -0.972417 -0.203060
-1.370 -0.680 15.302 127 122 118 -0.010287 -0.984127 -0.177166
-1.467 -0.676 15.303 79 91 79 -0.063837 -0.965070 -0.254097
-1.356 -0.680 15.300 131 142 126 0.049411 -0.989374 -0.136743
-1.341 -0.679 15.301 154 143 137 -0.018956 -0.991272 -0.130460
-1.236 -0.680 15.301 151 143 130 0.036394 -0.982631 -0.181969
-1.488 -0.674 15.304 90 67 59 0.048763 -0.981201 -0.186726
-1.297 -0.679 15.305 123 114 105 0.013049 -0.973907 -0.226573
-1.391 -0.678 15.301 130 128 113 -0.020232 -0.974711 -0.222553
-1.290 -0.680 15.306 144 140 128 -0.001167 -0.976433 -0.215818
-1.462 -0.677 15.302 134 127 119 -0.086233 -0.980147 -0.178540
-1.277 -0.680 15.305 142 136 122 0.003501 -0.976917 -0.213591
-1.284 -0.682 15.309 147 137 114 -0.001160 -0.978191 -0.207706
-1.421 -0.679 15.301 162 155 137 -0.008440 -0.965779 -0.259229
-1.305 -0.679 15.305 129 121 118 -0.010987 -0.960772 -0.277122
-1.508 -0.676 15.297 146 127 121 0.056246 -0.980117 -0.190279
-1.407 -0.678 15.302 153 142 140 -0.003586 -0.967037 -0.254609
-1.317 -0.679 15.306 121 120 92 -0.017611 -0.978010 -0.207812
-1.300 -0.679 15.306 119 114 95 0.003487 -0.977609 -0.210401
-1.436 -0.677 15.301 138 132 118 -0.020232 -0.974711 -0.222553
-1.404 -0.678 15.302 149 140 143 0.010925 -0.962603 -0.270694
-1.276 -0.679 15.301 141 135 119 0.010211 -0.985941 -0.166782
-1.370 -0.681 15.307 144 144 136 0.020987 -0.993030 -0.115982
-1.458 -0.678 15.302 139 128 122 0.095079 0.983288 0.155256
-1.294 -0.679 15.302 142 146 123 -0.005828 -0.977973 -0.208650
-1.276 -0.680 15.308 133 131 118 0.021756 -0.985880 -0.166031
-1.307 -0.680 15.307 119 108 106 -0.010495 -0.978409 -0.206411
-1.325 -0.680 15.301 140 137 130 -0.036310 -0.982711 -0.181550
-1.305 -0.680 15.309 123 115 104 -0.013111 -0.971377 -0.237183
-1.292 -0.680 15.308 138 131 115 -0.003501 -0.976917 -0.213591
-1.231 -0.680 15.306 134 135 127 0.010192 -0.986373 -0.164207
-1.523 -0.675 15.301 64 57 47 0.032073 -0.977628 -0.207880
-1.397 -0.678 15.305 129 126 107 0.003555 -0.970622 -0.240582
-1.373 -0.681 15.307 122 115 105 -0.019795 -0.981622 -0.189804
-1.320 -0.680 15.303 134 121 113 -0.019759 -0.982137 -0.187129
-1.374 -0.680 15.302 114 107 89 -0.029699 -0.977700 -0.207895
-1.360 -0.680 15.297 153 135 133 0.032560 -0.991385 -0.126870
-1.324 -0.680 15.304 139 136 119 -0.017138 -0.986032 -0.165672
-1.357 -0.679 15.298 142 146 131 0.012043 -0.993041 -0.117150
-1.505 -0.677 15.301 119 110 101 0.046174 -0.981487 -0.185879
-1.262 -0.680 15.309 119 115 92 0.015222 -0.999562 -0.025370
-1.388 -0.678 15.301 142 134 111 -0.030508 -0.967722 -0.250168
-1.530 -0.676 15.296 122 115 97 0.098158 -0.975365 -0.197558
-1.483 -0.675 15.302 115 108 98 -0.029576 -0.978384 -0.204668
-1.511 -0.677 15.297 134 129 123 0.022866 -0.971219 -0.237088
-1.360 -0.682 15.306 143 144 136 -0.029427 0.999505 -0.011162
-1.252 -0.679 15.304 129 120 113 0.005429 -0.993465 -0.114004
-1.269 -0.679 15.301 135 140 120 0.005765 -0.981268 -0.192564
-1.412 -0.678 15.300 162 149 141 -0.010980 -0.960120 -0.279374
-1.545 -0.678 15.291 138 134 122 0.140785 -0.972809 -0.183908
-1.312 -0.680 15.301 143 140 131 -0.010552 -0.976654 -0.214559
-1.490 -0.675 15.300 120 110 100 0.015008 -0.982460 -0.185871
-1.483 -0.676 15.299 145 132 116 0.008207 -0.976676 -0.214564
-1.558 -0.679 15.293 128 131 112 0.062577 -0.973016 -0.222088
-1.563 -0.678 15.287 122 123 91 0.057018 -0.976583 -0.207448
-1.566 -0.680 15.295 113 115 75 0.032541 -0.972600 -0.230194
-1.564 -0.680 15.296 109 115 71 0.034733 -0.976131 -0.214389
-1.555 -0.679 15.293 140 147 129 0.067662 -0.973103 -0.220209
-1.579 -0.678 15.294 121 118 103 0.027199 -0.977974 -0.206947
-1.559 -0.679 15.290 121 128 94 0.081309 -0.969451 -0.231417
-1.562 -0.680 15.298 122 124 103 0.070840 -0.970628 -0.229918
-1.569 -0.678 15.287 130 125 119 0.040065 -0.972492 -0.229464
-1.556 -0.678 15.289 142 145 124 0.078777 -0.969081 -0.233830
-1.575 -0.679 15.294 112 116 101 0.037867 -0.968651 -0.245522
-1.568 -0.679 15.293 117 104 87 0.037867 -0.968651 -0.245522
-1.571 -0.680 15.294 119 113 91 0.032541 -0.972600 -0.230194
-1.128 -0.679 15.358 147 139 126 -0.039630 0.976344 -0.212562
-1.123 -0.683 15.346 172 177 173 -0.094511 0.984589 -0.147150
-1.147 -0.680 15.352 124 135 119 0.025048 0.974486 -0.223046
-1.150 -0.679 15.358 147 143 134 0.045288 0.970640 -0.236234
-1.147 -0.680 15.358 150 148 133 0.008483 0.963431 -0.267822
-1.114 -0.679 15.351 117 111 113 -0.082025 0.985490 -0.148596
-1.115 -0.679 15.354 134 134 126 -0.091770 0.985629 -0.141826
-1.156 -0.679 15.353 131 127 124 0.058769 0.979888 -0.190700
-1.119 -0.683 15.346 181 172 173 -0.052439 0.994111 -0.094837
-1.106 -0.678 15.345 142 133 124 -0.110216 0.991941 -0.062493
-1.125 -0.683 15.346 173 184 167 -0.065164 0.991172 -0.115465
-1.235 -0.679 15.368 159 157 142 0.009987 0.990895 -0.134265
-1.142 -0.679 15.353 139 135 124 0.003506 0.975822 -0.218537
-1.133 -0.682 15.348 179 180 182 -0.012723 0.981985 -0.188532
-1.101 -0.678 15.345 141 136 116 -0.227187 0.966508 -0.119369
-1.138 -0.679 15.360 148 146 133 -0.008735 0.947139 -0.320705
-1.134 -0.680 15.350 130 131 123 -0.020770 0.963990 -0.265128
-1.133 -0.679 15.358 151 145 131 -0.023721 0.952576 -0.303376
-1.106 -0.678 15.349 144 141 134 -0.111618 0.990756 -0.077097
-1.138 -0.680 15.350 132 128 127 0.010702 0.971538 -0.236641
-1.167 -0.679 15.354 144 136 123 0.049108 0.978560 -0.200024
-1.153 -0.684 15.348 180 187 195 0.057677 0.985225 -0.161261
-1.147 -0.679 15.354 138 142 127 0.034352 0.979636 -0.197822
-1.138 -0.683 15.344 180 180 180 -0.007428 0.996452 -0.083834
-1.141 -0.681 15.350 146 141 135 -0.024868 0.976960 -0.211971
-1.146 -0.682 15.350 191 197 197 0.015125 0.980825 -0.194303
-1.159 -0.681 15.351 163 159 150 0.019759 0.982137 -0.187129
-1.120 -0.682 15.349 181 182 177 -0.059579 0.987137 -0.148363
-1.129 -0.683 15.349 193 197 196 -0.037294 0.991111 -0.127703
-1.156 -0.684 15.349 193 192 197 0.052312 0.986951 -0.152286
-1.133 -0.684 15.345 171 173 170 -0.032379 0.992576 -0.117233
-1.142 -0.679 15.357 145 141 130 -0.018128 0.968033 -0.250166
-1.111 -0.679 15.354 140 141 127 -0.078889 0.979436 -0.185692
-1.159 -0.680 15.353 126 129 118 0.071058 0.968636 -0.238107
-1.103 -0.678 15.349 147 137 128 -0.172883 0.979671 -0.101768
-1.124 -0.682 15.350 185 190 186 -0.038447 0.984475 -0.171264
-1.161 -0.679 15.358 143 142 124 0.069401 0.962786 -0.261202
-1.136 -0.679 15.354 142 145 124 -0.029100 0.983583 -0.178093
-1.231 -0.679 15.367 155 153 140 0.014185 0.994047 -0.108025
-1.116 -0.682 15.349 165 163 166 -0.046356 0.991572 -0.120979
-1.149 -0.679 15.357 143 143 131 0.023108 0.966879 -0.254186
-1.137 -0.684 15.342 170 169 165 -0.033936 0.995083 -0.093050
-1.150 -0.679 15.354 135 135 127 0.036990 0.977255 -0.208815
-1.152 -0.680 15.353 122 127 121 0.063606 0.980486 -0.186016
-1.129 -0.681 15.350 148 147 143 -0.046277 0.992140 -0.116258
-1.122 -0.679 15.355 135 136 120 -0.065927 0.981710 -0.178602
-1.147 -0.680 15.363 158 150 139 0.010980 0.960120 -0.279374
-1.155 -0.679 15.360 145 145 135 0.034733 0.976131 -0.214389
-1.163 -0.680 15.351 124 131 124 0.057443 0.974084 -0.218772
-1.112 -0.683 15.349 165 170 173 -0.090932 0.991039 -0.097838
-1.128 -0.679 15.354 130 129 109 -0.026104 0.988541 -0.148678
-1.129 -0.685 15.345 167 170 177 -0.040922 0.994302 -0.098435
-1.118 -0.679 15.351 93 109 96 -0.057098 0.986987 -0.150320
-1.164 -0.679 15.354 128 131 112 0.044529 0.976033 -0.213018
-1.164 -0.679 15.358 152 147 128 0.034526 0.977445 -0.208347
-1.109 -0.680 15.350 135 142 135 -0.166950 0.975341 -0.144355
-1.133 -0.679 15.354 129 130 116 -0.030008 0.973465 -0.226862
-1.097 -0.677 15.341 136 134 109 -0.172511 0.980010 -0.099102
-1.138 -0.681 15.349 169 160 163 -0.022092 0.982514 -0.184875
-1.155 -0.681 15.351 160 169 168 0.035696 0.986833 -0.157755
-1.256 -0.678 15.372 148 141 133 0.013642 0.997988 -0.061915
-1.147 -0.683 15.346 171 175 174 0.017395 0.982261 -0.186711
-1.142 -0.681 15.349 159 155 156 -0.034480 0.978507 -0.203311
-1.142 -0.683 15.345 170 170 170 -0.045495 0.985717 -0.162148
-1.100 -0.677 15.341 136 127 110 -0.109056 0.988542 -0.104366
-1.125 -0.679 15.358 136 137 123 -0.066307 0.980145 -0.186867
-1.098 -0.677 15.337 131 127 100 -0.146045 0.983689 -0.105007
-1.150 -0.681 15.350 165 169 168 0.022582 0.975798 -0.217504
-1.118 -0.678 15.354 122 126 111 -0.051198 0.990959 -0.124012
-1.100 -0.677 15.337 122 111 91 -0.216421 0.972020 -0.091322
-1.529 -0.676 15.335 138 133 130 0.017588 0.979053 -0.202846
-1.283 -0.678 15.368 136 130 116 0.034996 0.997923 -0.054085
-1.342 -0.678 15.354 148 152 137 0.005493 0.991973 -0.126331
-1.320 -0.678 15.354 153 151 126 0.012834 0.978851 -0.204170
-1.276 -0.678 15.371 130 130 118 0.062964 0.995268 -0.074010
-1.512 -0.675 15.335 140 124 124 -0.031783 0.944584 -0.326727
-1.276 -0.679 15.368 166 168 157 0.056554 0.997701 -0.037347
-1.445 -0.677 15.341 157 143 130 0.116011 0.958069 -0.262003
-1.413 -0.676 15.348 132 136 99 0.058773 0.964127 -0.258851
-1.413 -0.677 15.346 117 126 95 0.084903 0.949605 -0.301731
-1.279 -0.679 15.368 124 128 131 0.041786 0.997512 -0.056786
-1.329 -0.677 15.353 160 140 129 0.014981 0.982957 -0.183224
-1.266 -0.679 15.372 137 136 118 0.039483 0.997737 -0.054422
-1.485 -0.676 15.333 138 142 119 0.001063 -0.995910 0.090344
-1.422 -0.676 15.345 152 142 141 0.111458 0.938666 -0.326317
-1.342 -0.678 15.350 143 147 120 0.040169 0.988163 -0.148052
-1.498 -0.676 15.332 152 148 137 -0.069451 0.995463 0.065041
-1.333 -0.677 15.354 156 155 137 0.047455 0.987298 -0.151625
-1.428 -0.676 15.344 158 148 136 0.101860 0.945844 -0.308226
-1.289 -0.678 15.363 141 137 126 0.055448 0.992410 -0.109765
-1.416 -0.677 15.345 101 107 97 0.063894 0.942760 -0.327293
-1.381 -0.677 15.346 157 150 144 -0.005953 0.970335 -0.241691
-1.378 -0.677 15.346 155 148 138 -0.013437 0.961391 -0.274858
-1.355 -0.678 15.350 146 143 134 0.003369 0.987018 -0.160573
-1.290 -0.678 15.368 154 151 144 0.058423 0.995390 -0.076060
-1.435 -0.676 15.345 153 147 147 0.117924 0.933907 -0.337508
-1.355 -0.678 15.354 157 146 142 0.003350 0.988224 -0.152979
-1.435 -0.676 15.342 139 131 129 0.116767 0.940843 -0.318088
-1.447 -0.676 15.340 160 159 141 0.116471 0.943821 -0.309252
-1.401 -0.679 15.344 155 145 143 -0.024231 0.939926 -0.340516
-1.369 -0.677 15.349 156 150 134 0.008163 0.978430 -0.206415
-1.358 -0.677 15.349 147 141 127 0.007880 0.987290 -0.158732
-1.397 -0.678 15.345 157 156 152 -0.003703 0.951597 -0.307325
-1.408 -0.678 15.345 134 122 110 0.034022 0.951359 -0.306199
-1.509 -0.676 15.332 139 136 131 0.003331 0.989358 -0.145461
-1.404 -0.680 15.342 132 125 117 0.001275 0.924466 -0.381263
-1.346 -0.678 15.355 144 146 135 0.033765 0.983845 -0.175811
-1.415 -0.679 15.342 121 123 120 0.051101 0.963446 -0.262985
-1.337 -0.678 15.355 157 155 142 0.038884 0.981523 -0.187350
-1.426 -0.677 15.345 160 148 150 0.086750 0.954251 -0.286146
-1.494 -0.675 15.332 141 138 123 0.083866 -0.991452 -0.099949
-1.288 -0.678 15.365 140 134 120 0.022261 0.997519 -0.066784
-1.364 -0.677 15.348 155 149 133 0.024054 0.986201 -0.163794
-1.440 -0.676 15.347 155 157 136 0.112766 0.948557 -0.295844
-1.422 -0.677 15.342 133 116 122 0.087643 0.948379 -0.304789
-1.286 -0.678 15.364 139 133 133 0.039796 0.997052 -0.065610
-1.346 -0.678 15.351 147 147 137 0.019029 0.990603 -0.135438
-1.298 -0.677 15.362 157 148 141 0.025366 0.993698 -0.109185
-1.351 -0.677 15.349 139 139 137 0.007883 0.987641 -0.156536
-1.432 -0.677 15.345 162 145 155 0.121013 0.934111 -0.335845
-1.269 -0.678 15.372 141 137 126 0.052019 0.995003 -0.085223
-1.426 -0.677 15.349 162 146 147 0.105881 0.939531 -0.325686
-1.350 -0.678 15.355 144 144 136 0.016946 0.988502 -0.150252
-1.289 -0.678 15.366 146 142 131 0.071464 0.992549 -0.098688
-1.400 -0.680 15.342 135 122 116 0.034187 0.948382 -0.315283
-1.435 -0.676 15.349 160 156 157 0.084179 0.954462 -0.286209
-1.293 -0.678 15.364 156 154 133 0.078688 0.987708 -0.135061
-1.395 -0.677 15.347 157 153 150 -0.011403 0.936320 -0.350962
-1.405 -0.678 15.345 135 133 120 0.021579 0.940571 -0.338910
-1.387 -0.677 15.344 144 143 138 -0.015374 0.975653 -0.218783
-1.534 -0.676 15.337 142 125 133 -0.021742 0.934893 -0.354262
-1.438 -0.677 15.341 131 133 112 0.118596 0.947435 -0.297156
-1.501 -0.675 15.332 150 145 139 -0.032950 0.989638 -0.139754
-1.391 -0.678 15.346 149 142 132 -0.010851 0.965756 -0.259223
-1.559 -0.676 15.341 154 140 129 -0.152933 0.918999 -0.363390
-1.552 -0.676 15.337 162 147 140 -0.148259 0.910731 -0.385472
-1.555 -0.675 15.337 159 144 125 -0.158068 0.921828 -0.353904
-1.542 -0.675 15.336 134 126 107 -0.070846 0.879327 -0.470919
-1.555 -0.676 15.341 154 141 124 -0.141571 0.915307 -0.377056
-1.537 -0.675 15.334 117 123 111 0.008348 0.969616 -0.244491
-1.547 -0.676 15.338 144 145 127 -0.130945 0.924882 -0.356996
-1.539 -0.676 15.336 130 136 122 -0.029218 0.943871 -0.329021
-1.435 -0.680 15.311 131 135 120 -0.012741 -0.981032 -0.193427
-1.257 -0.680 15.340 133 138 131 0.050463 0.997450 -0.050463
-1.584 -0.679 15.297 99 113 80 -0.012816 -0.979868 -0.199236
-1.275 -0.679 15.357 219 225 215 0.041865 0.997248 -0.061187
-1.143 -0.684 15.342 167 168 163 -0.014295 0.992951 -0.117659
-1.178 -0.679 15.351 152 148 119 0.012256 0.990489 -0.137042
-1.528 -0.677 15.308 84 75 68 0.038301 -0.985386 -0.165972
-1.323 -0.681 15.311 119 108 104 -0.010310 -0.984055 -0.177565
-1.244 -0.680 15.362 187 183 182 0.024532 0.997292 -0.069330
-1.129 -0.680 15.311 122 104 100 0.041100 -0.982869 -0.179664
-1.294 -0.681 15.337 144 148 157 0.054543 0.987575 -0.147382
-1.294 -0.682 15.335 167 174 182 0.010082 0.989123 -0.146744
-1.130 -0.686 15.338 135 142 134 -0.019359 0.999538 -0.023435
-1.145 -0.679 15.305 119 109 84 0.064485 -0.977014 -0.203190
-1.366 -0.680 15.336 166 162 161 -0.012723 0.981985 -0.188532
-1.560 -0.683 15.313 105 98 88 0.111138 -0.975267 -0.191057
-1.107 -0.684 15.324 163 162 141 0.139965 -0.982189 -0.125360
-1.177 -0.683 15.333 165 152 162 0.071041 0.988754 -0.131601
-1.368 -0.682 15.329 178 180 177 -0.001102 0.990471 -0.137718
-1.568 -0.683 15.329 118 118 108 -0.166723 0.923282 -0.346055
-1.310 -0.683 15.317 130 119 113 0.007721 -0.991608 -0.129052
-1.196 -0.684 15.337 156 145 141 -0.076771 0.978521 -0.191317
-1.334 -0.681 15.333 125 138 128 0.055448 0.992410 -0.109765
-1.453 -0.677 15.326 114 110 99 0.107649 0.983357 -0.146355
-1.582 -0.681 15.300 104 104 78 -0.040997 -0.962797 -0.267098
-1.165 -0.686 15.324 148 149 141 -0.029310 -0.999558 -0.005053
-1.266 -0.682 15.311 136 127 130 -0.021269 0.999658 0.015192
-1.550 -0.676 15.331 154 135 137 -0.074763 0.909395 -0.409160
-1.192 -0.684 15.333 151 144 136 -0.085898 0.981168 -0.173005
-1.277 -0.681 15.344 138 136 123 0.009187 0.999319 -0.035726
-1.525 -0.682 15.324 100 111 97 0.067322 0.991573 -0.110682
-1.326 -0.681 15.335 116 121 115 0.041983 0.990561 -0.130486
-1.069 -0.678 15.324 138 135 120 -0.118484 0.991878 -0.046265
-1.423 -0.683 15.328 158 151 135 0.108091 0.967731 -0.227627
-1.224 -0.684 15.340 165 160 154 0.093647 0.994858 -0.038560
-1.557 -0.684 15.314 87 86 91 0.114229 -0.984771 -0.131062
-1.311 -0.680 15.345 129 129 117 0.027212 0.978450 -0.204682
-1.374 -0.683 15.322 172 174 161 -0.030366 0.990839 -0.131587
-1.262 -0.681 15.324 174 174 159 -0.019826 0.998600 -0.049043
-1.271 -0.681 15.327 147 137 146 -0.041865 0.997248 -0.061187
-1.307 -0.678 15.354 149 152 145 0.029197 0.982174 -0.185691
-1.298 -0.677 15.355 140 135 113 0.025806 0.990711 -0.133516
-1.451 -0.682 15.313 145 142 123 -0.085936 -0.994408 -0.061383
-1.565 -0.676 15.341 142 145 128 -0.168836 0.912283 -0.373142
-1.307 -0.683 15.328 168 162 172 0.005587 0.988880 -0.148611
-1.579 -0.687 15.320 113 107 95 -0.027469 0.994386 -0.102186
-1.276 -0.681 15.332 151 153 142 -0.062886 0.991317 -0.115482
-1.191 -0.683 15.342 151 142 133 -0.063756 0.980393 -0.186455
-1.395 -0.684 15.324 156 145 139 0.001154 -0.979409 -0.201881
-1.529 -0.679 15.315 82 71 65 0.120198 -0.977694 -0.172243
-1.141 -0.681 15.306 91 96 73 0.056272 -0.980561 -0.187971
-1.302 -0.681 15.345 147 145 132 0.061536 0.978536 -0.196673
-1.567 -0.682 15.302 96 96 60 0.040115 -0.971262 -0.234610
-1.245 -0.680 15.336 134 131 138 0.050566 0.997328 -0.052717
-1.227 -0.683 15.324 140 138 123 -0.032496 -0.991702 -0.124383
-1.463 -0.683 15.319 141 129 139 0.018341 0.995814 -0.089548
-1.254 -0.681 15.328 167 172 166 0.031493 0.995815 -0.085790
-1.436 -0.678 15.334 142 147 143 0.148186 0.951860 -0.268336
-1.161 -0.685 15.324 146 144 131 0.003232 -0.994292 -0.106647
-1.525 -0.677 15.309 64 56 53 0.081057 -0.981151 -0.175422
-1.302 -0.679 15.349 124 133 128 0.031084 0.986624 -0.160024
-1.227 -0.682 15.320 130 132 111 -0.007780 -0.990272 -0.138927
-1.447 -0.676 15.337 156 154 133 0.095812 0.948937 -0.300562
-1.289 -0.680 15.358 149 152 143 0.049402 0.995733 -0.077946
-1.335 -0.681 15.314 129 121 110 -0.041995 -0.990852 -0.128255
-1.279 -0.683 15.330 174 165 168 -0.096725 0.989393 -0.108379
-1.364 -0.678 15.342 129 124 118 -0.005734 0.982791 -0.184632
-1.571 -0.687 15.320 129 124 128 -0.083420 0.972402 -0.217888
-1.164 -0.684 15.328 134 137 126 0.038851 0.998569 -0.036751
-1.339 -0.682 15.323 167 163 154 0.017879 0.998042 -0.059946
-1.511 -0.679 15.329 133 141 128 -0.043569 0.993156 -0.108365
-1.297 -0.682 15.318 139 120 113 -0.017106 -0.986465 -0.163080
-1.214 -0.685 15.341 154 155 147 0.001038 0.997991 -0.063348
-1.284 -0.682 15.338 155 157 154 -0.030199 0.992081 -0.121913
-1.294 -0.678 15.358 139 121 121 0.056337 0.989923 -0.129920
-1.576 -0.687 15.320 96 97 83 -0.046805 0.978097 -0.202820
-1.132 -0.684 15.328 144 133 127 0.046630 -0.990610 -0.128518
-1.454 -0.682 15.323 167 156 152 0.104581 0.988231 -0.111631
-1.531 -0.677 15.306 66 65 63 0.063024 -0.983419 -0.170047
-1.271 -0.681 15.332 154 142 152 -0.055559 0.992125 -0.112252
-1.126 -0.683 15.328 113 120 104 0.039473 -0.991348 -0.125187
-1.444 -0.681 15.325 143 137 139 0.113025 0.960065 -0.255931
-1.293 -0.680 15.342 128 113 106 0.010230 0.985500 -0.169365
-1.138 -0.680 15.311 116 118 104 0.065393 -0.983268 -0.170021
-1.335 -0.680 15.337 106 114 101 0.037937 0.987514 -0.152898
-1.442 -0.678 15.330 119 124 117 0.122285 0.955928 -0.266923
-1.480 -0.678 15.316 101 85 86 -0.036188 -0.984091 -0.173938
-1.360 -0.682 15.311 148 153 146 -0.069890 0.995103 0.069890
-1.106 -0.682 15.314 134 130 101 0.120918 -0.976067 -0.180753
-1.376 -0.683 15.315 167 164 157 -0.014787 -0.986194 -0.164934
-1.418 -0.681 15.334 106 110 93 0.100081 0.977331 -0.186570
-1.240 -0.681 15.358 186 172 169 0.055006 0.993475 -0.099909
-1.521 -0.682 15.320 105 103 88 0.001117 -0.988229 -0.152980
-1.210 -0.685 15.345 201 203 192 -0.087295 0.984166 -0.154262
-1.363 -0.682 15.315 185 180 174 -0.039885 0.999179 0.007159
-1.577 -0.677 15.344 139 128 126 -0.169094 0.910832 -0.376553
-1.575 -0.681 15.299 111 117 91 -0.003557 -0.971174 -0.238347
-1.111 -0.682 15.316 132 138 128 0.037585 -0.989745 -0.137813
-1.445 -0.683 15.324 150 134 135 0.154689 0.958543 -0.239305
-1.279 -0.682 15.333 161 159 162 -0.055655 0.991572 -0.116990
-1.552 -0.679 15.326 151 157 153 -0.095649 0.949940 -0.297430
-1.173 -0.683 15.330 163 157 157 0.028273 0.989554 -0.141365
-1.266 -0.681 15.359 172 161 167 0.037048 0.998178 -0.047633
-1.119 -0.682 15.337 163 159 158 -0.041421 0.992976 -0.110828
-1.205 -0.685 15.332 153 153 145 -0.025714 -0.991655 -0.126333
-1.534 -0.681 15.323 101 84 77 0.032734 0.971102 -0.236411
-1.280 -0.679 15.359 212 209 204 0.047290 0.995285 -0.084682
-1.312 -0.684 15.320 138 125 119 0.022659 0.995916 0.087399
-1.324 -0.683 15.328 152 153 137 0.046460 0.991534 -0.121250
-1.199 -0.683 15.346 182 189 182 -0.078677 0.970351 -0.228538
-1.479 -0.679 15.323 108 117 114 0.025267 0.994218 -0.104365
-1.449 -0.678 15.327 130 120 118 0.125045 0.965557 -0.228176
-1.173 -0.684 15.323 136 136 128 -0.039483 -0.997737 -0.054422
-1.389 -0.684 15.320 99 103 80 0.025420 0.999527 -0.017286
-1.153 -0.685 15.321 130 122 99 0.023021 -0.994296 -0.104143
-1.542 -0.675 15.333 116 103 86 -0.077566 0.942623 -0.324725
-1.271 -0.679 15.353 180 179 177 0.040865 0.998566 -0.034578
-1.291 -0.685 15.323 186 194 181 -0.032615 -0.998444 -0.045240
-1.484 -0.680 15.324 114 114 114 -0.005461 -0.992872 -0.119057
-1.564 -0.685 15.321 125 120 114 -0.212712 0.920802 -0.326920
-1.253 -0.680 15.346 128 116 120 0.035654 0.999322 -0.009168
-1.294 -0.684 15.329 179 181 176 -0.027577 0.993877 -0.106999
-1.112 -0.683 15.319 129 132 123 0.049589 -0.988312 -0.144153
-1.209 -0.685 15.337 161 150 144 -0.040042 0.996719 -0.070344
-1.414 -0.685 15.331 155 152 145 0.093842 0.945024 -0.313246
-1.205 -0.680 15.355 154 155 147 -0.072861 0.983020 -0.168415
-1.183 -0.684 15.332 146 135 129 -0.058166 0.991098 -0.119753
-1.396 -0.680 15.336 125 123 108 -0.049205 0.957599 -0.283873
-1.156 -0.684 15.334 144 144 142 0.018088 0.996978 -0.075545
-1.383 -0.683 15.319 140 149 130 -0.075233 -0.960182 -0.269055
-1.197 -0.682 15.345 170 171 165 -0.061914 0.977274 -0.202739
-1.297 -0.680 15.345 121 111 102 0.012206 0.990871 -0.134261
-1.275 -0.680 15.362 188 197 192 0.031001 0.997390 -0.065210
-1.539 -0.682 15.319 82 87 90 -0.060350 0.991791 -0.112729
-1.543 -0.680 15.306 105 106 101 0.130772 -0.981399 -0.140549
-1.169 -0.682 15.345 156 162 148 0.089242 0.979212 -0.182151
-1.342 -0.682 15.319 121 118 109 0.005033 0.999618 -0.027180
-1.298 -0.681 15.332 180 183 176 0.012536 0.985788 -0.167527
-1.173 -0.680 15.311 110 99 93 -0.046087 -0.982001 -0.183165
-1.240 -0.683 15.324 117 113 110 0.060317 0.997882 -0.024339
-1.265 -0.682 15.317 172 159 151 -0.038382 0.998978 -0.023859
-1.095 -0.676 15.328 145 135 125 0.128992 -0.988939 -0.073212
-1.231 -0.680 15.315 110 91 95 -0.012275 -0.989830 -0.141723
-1.186 -0.684 15.337 136 127 118 -0.036174 0.983689 -0.176201
-1.235 -0.680 15.315 98 82 83 -0.007677 -0.992533 -0.121736
-1.236 -0.682 15.323 137 122 115 -0.001063 -0.995910 -0.090344
-1.102 -0.679 15.326 114 115 101 0.141727 -0.989855 -0.010044
-1.302 -0.681 15.342 165 158 150 0.040416 0.987309 -0.153581
-1.262 -0.681 15.327 163 159 158 0.003182 0.996111 -0.088048
-1.580 -0.680 15.341 109 102 92 -0.120274 0.919334 -0.374646
-1.346 -0.680 15.342 136 135 115 0.012252 0.990185 -0.139227
-1.112 -0.683 15.341 166 165 160 -0.140959 0.989006 -0.044694
-1.574 -0.679 15.340 107 103 94 -0.143888 0.948044 -0.283741
-1.325 -0.678 15.349 133 123 122 0.035983 0.985471 -0.165986
-1.232 -0.679 15.362 136 131 122 0.034926 0.998043 -0.051860
-1.210 -0.685 15.334 147 134 126 -0.048098 -0.984252 -0.170103
-1.338 -0.680 15.337 101 91 90 0.010082 0.989123 -0.146744
-1.378 -0.683 15.324 172 167 163 -0.003406 0.984387 -0.175986
-1.555 -0.681 15.324 123 118 114 -0.168616 0.957259 -0.235000
-1.401 -0.683 15.321 131 127 118 -0.027693 -0.971653 -0.234786
-1.522 -0.680 15.311 86 76 85 0.029862 -0.975892 -0.216201
-1.273 -0.681 15.339 131 130 135 -0.029665 0.994324 -0.102179
-1.355 -0.681 15.328 163 146 138 -0.012070 0.993011 -0.117406
-1.212 -0.684 15.328 152 145 135 -0.037646 -0.989064 -0.142599
-1.410 -0.685 15.323 144 145 127 0.018665 -0.993657 -0.110894
-1.321 -0.683 15.332 167 160 150 0.046644 0.990897 -0.126280
-1.132 -0.683 15.323 158 145 139 0.021395 -0.989813 -0.140758
-1.276 -0.679 15.354 213 216 195 0.052114 0.994594 -0.089813
-1.572 -0.686 15.323 122 117 111 -0.107719 0.945530 -0.307197
-1.369 -0.682 15.328 197 200 193 0.028762 0.985955 -0.164518
-1.152 -0.685 15.323 126 128 107 0.032496 -0.991702 -0.124383
-1.243 -0.680 15.347 142 139 132 0.051755 0.998123 -0.032743
-1.234 -0.680 15.318 129 111 109 0.001116 -0.987889 -0.155160
-1.583 -0.687 15.324 141 126 131 0.019968 0.978442 -0.205555
-1.594 -0.682 15.310 84 90 62 -0.058879 -0.989397 -0.132766
-1.380 -0.680 15.334 127 122 118 -0.015291 0.977464 -0.210549
-1.240 -0.683 15.327 142 139 134 0.023387 0.999540 -0.019320
-1.116 -0.683 15.331 152 148 139 0.095823 -0.993174 -0.066512
-1.568 -0.685 15.322 121 121 109 -0.191397 0.920121 -0.341678
-1.271 -0.682 15.323 149 148 146 -0.039722 0.997335 -0.061193
-1.230 -0.681 15.318 128 114 113 -0.021388 -0.989497 -0.142965
-1.200 -0.684 15.326 141 134 128 -0.026104 -0.988541 -0.148678
-1.528 -0.682 15.323 106 106 98 -0.008207 0.976676 -0.214564
-1.398 -0.683 15.321 141 130 124 0.027644 -0.972331 -0.231965
-1.346 -0.681 15.325 111 119 98 0.005305 0.996286 -0.085942
-1.208 -0.679 15.355 153 154 156 -0.086359 0.957688 -0.274546
-1.533 -0.677 15.331 129 130 134 -0.040693 0.925427 -0.376734
-1.115 -0.680 15.312 116 109 93 0.036462 -0.982125 -0.184663
-1.543 -0.682 15.320 70 71 63 -0.062698 0.953260 -0.295575
-1.199 -0.679 15.359 156 146 136 -0.127328 0.944905 -0.301565
-1.213 -0.682 15.354 203 208 211 0.005723 0.983281 -0.182004
-1.526 -0.681 15.317 86 78 75 0.046644 0.990897 0.126280
-1.588 -0.683 15.328 109 92 64 -0.045181 0.970781 -0.235674
-1.422 -0.683 15.330 152 136 123 0.134115 0.952082 -0.274869
-1.284 -0.680 15.346 174 174 176 0.007258 0.998463 -0.054952
-1.168 -0.679 15.351 131 119 105 0.071585 0.986935 -0.144344
-1.258 -0.681 15.333 193 188 182 0.011520 0.998023 -0.061787
-1.584 -0.687 15.327 137 130 138 -0.181898 0.909489 -0.373822
-1.111 -0.683 15.333 141 141 131 -0.144965 0.986467 -0.076607
-1.209 -0.685 15.342 185 183 171 -0.063390 0.981948 -0.178210
-1.299 -0.678 15.349 122 120 107 0.050381 0.985362 -0.162860
-1.218 -0.684 15.337 165 163 150 -0.062589 -0.995934 -0.064785
-1.338 -0.679 15.343 133 120 111 0.042639 0.987619 -0.150966
-1.391 -0.686 15.324 106 112 84 0.013011 -0.999855 -0.011009
-1.392 -0.680 15.336 113 119 119 -0.037475 0.936887 -0.347617
-1.422 -0.681 15.306 155 148 132 0.022408 -0.977712 -0.208752
-1.382 -0.678 15.341 137 139 128 -0.010802 0.968585 -0.248447
-1.271 -0.681 15.362 193 181 181 0.025933 0.998927 -0.038380
-1.459 -0.681 15.310 137 116 123 0.090344 0.995910 -0.001063
-1.216 -0.681 15.318 130 124 110 -0.027361 -0.976682 -0.212943
-1.325 -0.683 15.323 146 131 124 0.091681 0.989922 -0.107928
-1.161 -0.684 15.336 150 150 140 -0.001104 0.990125 -0.140185
-1.402 -0.682 15.335 144 142 129 0.008597 0.956668 -0.291053
-1.592 -0.681 15.308 86 94 73 -0.024835 -0.978034 -0.206960
-1.422 -0.683 15.316 164 155 140 -0.003481 -0.978185 -0.207705
-1.422 -0.683 15.320 170 167 152 0.044014 0.997285 0.059043
-1.286 -0.683 15.335 171 171 169 -0.041339 0.993250 -0.108375
-1.504 -0.678 15.328 128 124 113 -0.040702 0.998774 -0.028179
-1.182 -0.681 15.314 136 136 128 0.038682 0.983451 0.176998
-1.238 -0.681 15.317 113 106 100 0.021273 -0.990856 -0.133234
-1.387 -0.681 15.333 128 134 124 -0.036804 0.979457 -0.198266
-1.312 -0.684 15.325 158 152 140 0.022397 0.997192 -0.071457
-1.195 -0.678 15.354 153 146 145 -0.094510 0.969044 -0.228084
-1.161 -0.685 15.320 119 120 106 0.009984 -0.990598 -0.136443
-1.373 -0.681 15.333 181 175 179 -0.010253 0.985435 -0.169745
-1.542 -0.677 15.328 159 155 156 -0.026236 0.953236 -0.301087
-1.333 -0.683 15.324 133 132 128 0.046825 0.996392 -0.070782
-1.343 -0.681 15.329 123 122 117 0.011882 0.994870 -0.100459
-1.240 -0.681 15.354 138 123 116 0.044548 0.996351 -0.072798
-1.156 -0.685 15.346 178 178 176 0.031675 0.981938 -0.186533
-1.204 -0.682 15.320 145 127 123 -0.014571 -0.989709 -0.142348
-1.275 -0.680 15.337 143 151 130 -0.057603 0.992798 -0.105040
-1.529 -0.681 15.325 127 115 117 0.006156 0.954177 -0.299181
-1.559 -0.676 15.337 153 143 131 -0.154625 0.906469 -0.392945
-1.427 -0.681 15.330 140 131 132 0.102168 0.969968 -0.220734
-1.471 -0.680 15.319 124 116 105 -0.121667 -0.966936 -0.224124
-1.350 -0.680 15.328 127 126 132 0.005450 0.992903 -0.118800
-1.475 -0.676 15.328 136 112 110 -0.025780 -0.999220 0.029904
-1.227 -0.683 15.346 153 162 159 0.136139 0.989579 -0.046905
-1.152 -0.684 15.336 169 170 175 0.007618 0.993668 -0.112101
-1.100 -0.681 15.324 94 94 94 0.108303 -0.982032 -0.154545
-1.497 -0.679 15.319 104 94 82 0.107611 -0.983007 -0.148721
-1.201 -0.682 15.349 194 200 196 -0.064607 0.976415 -0.206010
-1.405 -0.684 15.328 135 134 129 0.014793 0.986561 -0.162720
-1.489 -0.680 15.320 92 102 77 0.083822 -0.980349 -0.178577
-1.125 -0.680 15.315 87 67 66 0.079839 -0.976494 -0.200212
-1.337 -0.679 15.345 142 123 127 0.016625 0.991986 -0.125245
-1.137 -0.684 15.338 150 147 142 -0.033402 0.996673 -0.074346
-1.271 -0.680 15.368 140 132 130 0.056319 0.997797 -0.035066
-1.288 -0.680 15.351 164 163 159 0.051111 0.991547 -0.119258
-1.214 -0.678 15.363 159 157 142 -0.024971 0.976245 -0.215226
-1.098 -0.682 15.322 102 99 92 0.102019 -0.988525 -0.111400
-1.381 -0.678 15.337 122 122 112 -0.022368 0.978292 -0.206018
-1.328 -0.680 15.341 127 131 117 0.030954 0.987103 -0.157065
-1.580 -0.682 15.309 123 126 115 -0.001152 -0.979955 -0.199215
-1.197 -0.684 15.331 126 129 122 -0.028176 0.998687 0.042786
-1.360 -0.683 15.319 178 174 171 -0.035066 0.997797 -0.056319
-1.587 -0.680 15.338 93 88 59 -0.013540 0.956407 -0.291723
-1.551 -0.676 15.329 143 131 131 -0.085843 0.959649 -0.267779
-1.356 -0.680 15.332 180 160 151 0.021104 0.991868 -0.125511
-1.535 -0.681 15.317 87 86 91 0.103491 -0.986143 -0.129662
-1.503 -0.677 15.306 110 99 81 0.041117 -0.983281 -0.177390
-1.267 -0.681 15.332 158 149 152 -0.003122 0.997844 -0.065552
-1.313 -0.682 15.311 121 114 104 0.008145 -0.978530 -0.205945
-1.225 -0.683 15.355 181 176 173 0.035779 0.996391 -0.076979
-1.281 -0.684 15.323 158 161 150 -0.038560 0.994858 -0.093647
-1.288 -0.680 15.341 130 136 126 0.003356 0.987830 -0.155502
-1.271 -0.681 15.329 152 140 152 -0.064643 0.992319 -0.105469
-1.209 -0.683 15.350 191 192 197 -0.070758 0.982218 -0.173897
-1.240 -0.680 15.364 222 218 217 0.013939 0.996124 -0.086853
-1.410 -0.681 15.311 161 152 145 0.034400 -0.978608 -0.202839
-1.397 -0.679 15.341 134 128 112 -0.021630 0.940277 -0.339721
-1.399 -0.681 15.334 139 130 115 -0.041489 0.956759 -0.287908
-1.315 -0.680 15.342 131 123 102 0.024461 0.981953 -0.187538
-1.093 -0.679 15.319 79 73 73 0.092485 -0.992219 -0.083351
-1.120 -0.680 15.316 81 75 63 0.042242 -0.989827 -0.135859
-1.481 -0.678 15.326 97 104 88 0.003026 0.999568 -0.029251
-1.210 -0.681 15.319 114 111 96 -0.040402 -0.986956 -0.155835
-1.222 -0.683 15.346 161 166 160 0.037869 0.996490 -0.074656
-1.299 -0.684 15.324 182 167 160 0.009223 0.999159 -0.039966
-1.103 -0.683 15.318 134 142 127 -0.053691 0.996014 0.071222
-1.167 -0.685 15.325 154 153 149 0.056438 0.997787 -0.035141
-1.190 -0.679 15.349 157 153 142 -0.059354 0.977526 -0.202288
-1.110 -0.684 15.323 143 142 137 0.126177 -0.981238 -0.145777
-1.365 -0.679 15.341 132 131 127 -0.003389 0.986112 -0.166046
-1.182 -0.683 15.323 145 128 121 0.011816 0.995753 0.091304
-1.317 -0.683 15.318 120 142 119 -0.011997 -0.993598 -0.112339
-1.485 -0.679 15.315 83 78 58 -0.012700 -0.982491 -0.185877
-1.497 -0.676 15.329 132 116 126 -0.060722 0.982263 -0.177403
-1.283 -0.683 15.334 169 173 174 -0.054884 0.993504 -0.099686
-1.458 -0.679 15.323 137 130 122 0.105391 0.990213 -0.091493
-1.217 -0.680 15.360 152 161 158 -0.025003 0.975120 -0.220265
-1.320 -0.683 15.329 167 162 158 0.049299 0.989422 -0.136432
-1.452 -0.677 15.328 112 110 95 0.119044 0.980579 -0.155862
-1.174 -0.682 15.336 164 164 156 0.057014 0.993841 -0.095024
-1.444 -0.677 15.333 144 128 113 0.123051 0.962388 -0.242216
-1.096 -0.676 15.332 131 123 100 -0.239940 0.966107 -0.095214
-1.276 -0.682 15.328 154 158 148 -0.042635 0.995898 -0.079803
-1.191 -0.684 15.336 149 142 134 -0.028686 0.997621 -0.062683
-1.436 -0.677 15.336 101 101 89 0.082108 0.966344 -0.243797
-1.574 -0.681 15.336 121 117 108 -0.150101 0.932281 -0.329122
-1.544 -0.681 15.324 144 135 138 -0.053724 0.934275 -0.352482
-1.588 -0.684 15.322 75 84 53 -0.034779 0.975000 -0.219465
-1.570 -0.677 15.341 128 124 123 -0.124006 0.933451 -0.336588
-1.333 -0.678 15.345 125 112 103 0.043315 0.984535 -0.169747
-1.353 -0.682 15.310 142 128 115 0.049010 -0.990460 -0.128794
-1.436 -0.679 15.331 179 174 178 0.166057 0.940073 -0.297804
-1.364 -0.680 15.331 173 170 161 0.007704 0.991644 -0.128771
-1.155 -0.685 15.324 129 121 102 0.014185 -0.994047 -0.108025
-1.458 -0.677 15.331 134 134 96 0.077397 0.984723 -0.155984
-1.352 -0.680 15.317 145 128 134 0.046861 -0.998662 0.021869
-1.195 -0.679 15.358 161 148 142 -0.090396 0.963804 -0.250818
-1.188 -0.684 15.332 145 142 135 0.004975 -0.999904 -0.012934
-1.413 -0.684 15.323 154 151 134 -0.032940 0.989321 0.141981
-1.167 -0.683 15.315 114 116 105 -0.012489 -0.986652 -0.162361
-1.369 -0.682 15.311 168 171 154 -0.032417 0.998642 -0.040782
-1.223 -0.681 15.361 175 171 173 -0.001141 0.982547 -0.186011
-1.222 -0.683 15.335 167 157 148 0.078314 0.996623 -0.024674
-1.507 -0.679 15.312 104 95 78 0.060397 -0.984109 -0.166979
-1.143 -0.681 15.309 108 111 82 0.077702 -0.983828 -0.161381
-1.338 -0.678 15.349 153 139 128 0.026054 0.988922 -0.146129
-1.129 -0.683 15.323 124 115 98 0.059112 -0.988677 -0.137928
-1.564 -0.680 15.333 141 141 129 -0.169014 0.913246 -0.370696
-1.165 -0.684 15.346 160 155 152 0.031131 0.985822 -0.164880
-1.108 -0.682 15.337 131 135 121 -0.170764 0.982790 -0.070455
-1.537 -0.680 15.326 126 115 111 -0.057457 0.953785 -0.294946
-1.225 -0.683 15.359 197 193 194 0.005669 0.985221 -0.171195
-1.236 -0.682 15.336 168 165 174 0.047629 0.998097 -0.039162
-1.124 -0.683 15.333 151 148 139 0.052334 -0.994344 -0.092419
-1.287 -0.682 15.335 171 169 172 -0.049799 0.987870 -0.147080
-1.238 -0.682 15.331 167 161 147 0.077140 0.996295 -0.038027
-1.403 -0.682 15.318 138 136 121 0.046979 -0.976916 -0.208393
-1.327 -0.680 15.339 124 130 120 0.062659 0.984805 -0.161967
-1.363 -0.681 15.328 179 169 160 -0.038944 0.993635 -0.105706
-1.253 -0.681 15.311 135 130 124 0.028500 -0.988375 -0.149339
-1.162 -0.686 15.322 142 140 128 -0.023646 -0.989763 -0.140751
-1.232 -0.683 15.348 120 128 115 0.078261 0.995347 -0.056216
-1.125 -0.679 15.310 102 74 71 0.008001 -0.984148 -0.177169
-1.284 -0.683 15.315 143 135 122 0.016530 -0.992886 -0.117912
-1.570 -0.682 15.333 100 114 101 -0.188839 0.930206 -0.314732
-1.462 -0.679 15.307 126 127 111 0.054417 0.997651 -0.041613
-1.587 -0.682 15.331 111 94 78 -0.082105 0.950067 -0.301050
-1.514 -0.679 15.330 130 131 136 -0.005566 0.989620 -0.143601
-1.457 -0.680 15.306 138 115 123 0.120215 0.992055 -0.037076
-1.328 -0.682 15.315 128 133 103 -0.012555 -0.984958 -0.172339
-1.322 -0.683 15.320 137 126 104 0.020744 0.994616 0.101536
-1.521 -0.681 15.315 90 86 85 0.040650 -0.986045 -0.161437
-1.317 -0.685 15.324 162 164 151 0.027793 0.992774 -0.116732
-1.178 -0.679 15.355 157 152 132 -0.003494 0.977023 -0.213105
-1.397 -0.679 15.309 134 128 112 -0.010746 -0.970715 -0.239992
-1.240 -0.680 15.350 134 121 112 0.067338 0.997249 -0.030997
-1.391 -0.681 15.333 131 134 125 -0.061629 0.962171 -0.265383
-1.450 -0.683 15.319 113 106 98 -0.026950 -0.980762 -0.193340
-1.233 -0.682 15.342 111 103 90 0.085035 0.995025 -0.051905
-1.127 -0.682 15.323 112 110 98 0.051906 -0.988523 -0.141877
-1.579 -0.679 15.305 116 119 110 -0.030401 -0.969191 -0.244426
-1.482 -0.676 15.330 130 133 112 0.014516 0.990417 -0.137341
-1.315 -0.683 15.316 122 131 114 0.005679 -0.984768 -0.173783
-1.214 -0.682 15.325 133 127 113 -0.017235 -0.984684 -0.173497
-1.501 -0.677 15.307 92 92 64 0.042984 -0.986317 -0.159158
-1.455 -0.679 15.324 114 106 104 0.060938 0.989949 -0.127624
-1.295 -0.684 15.323 188 191 180 0.001045 0.997548 -0.069985
-1.419 -0.685 15.329 148 136 140 0.105532 0.941770 -0.319267
-1.222 -0.680 15.315 146 135 129 -0.012372 -0.988670 -0.149594
-1.227 -0.683 15.332 158 154 153 -0.096854 -0.994147 -0.047870
-1.554 -0.679 15.300 119 116 107 0.106510 -0.973630 -0.201743
-1.146 -0.684 15.331 172 167 163 -0.009133 0.999525 -0.029428
-1.439 -0.680 15.331 166 163 154 0.147099 0.955482 -0.255767
-1.250 -0.680 15.365 161 156 153 0.036973 0.998283 -0.045425
-1.288 -0.680 15.355 170 171 163 0.048818 0.991112 -0.123747
-1.431 -0.683 15.323 168 170 169 0.134807 0.973886 -0.182682
-1.170 -0.683 15.340 145 147 134 0.084921 0.984369 -0.154294
-1.393 -0.683 15.330 140 145 125 -0.081405 0.954896 -0.285564
-1.282 -0.684 15.321 117 124 108 -0.043576 0.998004 -0.045702
-1.472 -0.676 15.328 124 115 108 0.075285 0.996158 -0.044734
-1.182 -0.680 15.345 141 143 140 -0.059558 0.986792 -0.150646
-1.088 -0.676 15.324 133 131 106 0.037613 -0.999279 0.005083
-1.348 -0.682 15.318 152 142 132 -0.020023 0.997993 -0.060069
-1.303 -0.682 15.328 163 162 157 -0.001083 0.993261 -0.115898
-1.244 -0.680 15.354 134 123 121 0.009241 0.999071 -0.042099
-1.164 -0.683 15.348 154 153 149 0.047042 0.975811 -0.213496
-1.553 -0.684 15.319 117 103 90 -0.090073 0.951640 -0.293716
-1.417 -0.684 15.323 148 143 139 0.019826 0.998600 0.049043
-1.134 -0.685 15.338 160 157 150 -0.046349 0.997034 -0.061439
-1.503 -0.680 15.319 113 96 89 0.054543 -0.987575 -0.147382
-1.231 -0.682 15.328 160 150 148 -0.018841 -0.991947 -0.125240
-1.532 -0.679 15.316 88 77 73 0.080583 -0.982628 -0.167179
-1.552 -0.681 15.325 151 133 129 -0.146915 0.919268 -0.365189
-1.226 -0.681 15.361 189 187 190 0.021429 0.989127 -0.145493
-1.101 -0.682 15.319 121 130 109 0.082652 -0.992954 -0.084916
-1.189 -0.679 15.346 147 147 139 -0.037281 0.975310 -0.217671
-1.279 -0.680 15.351 143 145 124 0.028629 0.997761 -0.060438
-1.398 -0.683 15.331 133 126 108 -0.008483 0.963431 -0.267822
-1.329 -0.683 15.321 134 140 114 0.053538 0.998322 0.022045
-1.129 -0.684 15.332 133 144 128 -0.007075 0.999603 -0.027289
-1.533 -0.676 15.333 123 121 126 -0.035675 0.915665 -0.400356
-1.250 -0.682 15.315 154 146 133 0.003159 -0.997037 -0.076857
-1.587 -0.680 15.332 80 78 63 -0.042973 0.933686 -0.355504
-1.383 -0.683 15.329 147 146 142 -0.029088 0.983173 -0.180345
-1.382 -0.679 15.307 114 115 107 -0.028229 -0.963467 -0.266334
-1.423 -0.680 15.333 142 131 125 0.090615 0.946861 -0.308616
-1.205 -0.683 15.349 211 221 220 -0.096751 0.971281 -0.217376
-1.231 -0.682 15.332 160 151 142 0.089447 0.994962 0.045276
-1.146 -0.684 15.328 153 147 133 -0.043235 0.994399 0.096447
-1.265 -0.682 15.324 190 191 177 -0.020219 0.997096 -0.073425
-1.410 -0.683 15.317 149 150 134 0.038266 -0.964057 -0.262925
-1.568 -0.685 15.312 105 104 99 0.024913 -0.976356 -0.214727
-1.351 -0.678 15.346 132 127 124 0.014594 0.989020 -0.147062
-1.165 -0.685 15.319 137 138 124 -0.018517 -0.994460 -0.103476
-1.567 -0.686 15.319 110 110 102 -0.107213 0.984195 -0.140943
-1.112 -0.683 15.346 174 176 173 -0.096527 0.989688 -0.105830
-1.316 -0.683 15.328 175 153 165 0.012326 0.989421 -0.144547
-1.373 -0.683 15.310 145 141 138 -0.022164 -0.981051 -0.192477
-1.178 -0.683 15.332 165 152 161 0.003389 0.986112 -0.166046
-1.249 -0.680 15.353 139 140 122 0.026506 0.997690 -0.062554
-1.119 -0.683 15.327 140 131 116 0.065312 -0.991131 -0.115727
-1.133 -0.685 15.341 159 158 153 -0.040479 0.986537 -0.158447
-1.245 -0.681 15.364 185 181 182 0.013964 0.995725 -0.091302
-1.413 -0.682 15.316 161 153 142 0.023148 -0.966118 -0.257063
-1.290 -0.684 15.317 169 170 156 0.010367 -0.982597 -0.185461
-1.213 -0.684 15.350 181 181 187 -0.029898 0.993276 -0.111840
-1.106 -0.682 15.341 139 140 124 -0.128626 0.984526 -0.119009
-1.370 -0.683 15.319 187 182 176 -0.074639 0.990971 -0.111384
-1.360 -0.681 15.327 164 146 142 -0.051618 0.989917 -0.131912
-1.449 -0.680 15.325 134 133 131 0.107932 0.976349 -0.187330
-1.118 -0.679 15.311 95 94 76 0.041195 -0.982789 -0.180080
-1.145 -0.684 15.323 134 132 111 0.066998 -0.986165 -0.151627
-1.379 -0.684 15.329 172 170 171 -0.031380 0.984392 -0.173169
-1.383 -0.683 15.322 173 176 165 0.108825 0.992890 -0.048242
-1.110 -0.680 15.311 130 138 125 -0.003444 -0.981448 -0.191698
-1.330 -0.683 15.324 156 161 155 0.080552 0.992713 -0.089628
-1.169 -0.684 15.319 149 135 134 0.050404 0.993514 0.101928
-1.232 -0.682 15.337 153 147 135 0.101752 0.994544 -0.022976
-1.116 -0.682 15.318 112 105 87 0.029699 -0.977700 -0.207895
-1.578 -0.678 15.342 115 98 91 -0.126804 0.933986 -0.334053
-1.576 -0.685 15.328 103 114 98 -0.162892 0.913613 -0.372528
-1.421 -0.684 15.324 165 168 149 0.120422 0.962084 -0.244729
-1.480 -0.677 15.307 113 89 89 -0.024472 -0.982379 -0.185289
-1.161 -0.683 15.332 141 136 130 0.017806 0.998181 -0.057607
-1.227 -0.683 15.328 150 150 142 -0.019132 -0.989221 -0.145176
-1.567 -0.684 15.323 120 118 105 -0.187668 0.891785 -0.411705
-1.451 -0.683 15.323 155 145 146 0.109131 0.979730 -0.167989
-1.205 -0.683 15.327 138 127 121 -0.014543 -0.990067 -0.139840
-1.213 -0.680 15.359 168 166 154 -0.049223 0.978458 -0.200494
-1.584 -0.682 15.311 130 121 114 -0.085569 -0.973503 -0.212062
-1.391 -0.679 15.340 142 137 133 -0.028565 0.957538 -0.286889
-1.444 -0.681 15.314 113 98 103 0.085442 0.992270 -0.089999
-1.146 -0.682 15.318 152 152 142 0.030308 -0.991170 -0.129088
-1.447 -0.683 15.321 134 117 123 0.086285 0.986954 -0.135928
-1.424 -0.681 15.310 155 145 133 0.003526 -0.974464 -0.224515
-1.585 -0.684 15.327 121 117 114 -0.034270 0.948126 -0.316042
-1.246 -0.683 15.323 157 155 140 0.019015 0.999795 -0.007006
-1.228 -0.684 15.342 168 162 166 0.126537 0.990635 -0.051299
-1.116 -0.683 15.324 124 118 106 0.129376 -0.979561 -0.154019
-1.580 -0.684 15.332 119 120 88 -0.123182 0.917636 -0.377850
-1.360 -0.679 15.342 135 130 110 0.010401 0.981145 -0.192993
-1.228 -0.679 15.310 125 121 112 -0.019247 -0.988410 -0.150583
-1.434 -0.684 15.319 162 152 140 -0.037792 -0.988305 -0.147730
-1.416 -0.684 15.321 155 146 137 0.037193 -0.975427 -0.217161
-1.361 -0.678 15.344 130 115 108 0.024235 0.984401 -0.174261
-1.531 -0.677 15.309 72 68 67 0.067537 -0.973756 -0.217345
-1.557 -0.681 15.307 101 98 91 0.066404 -0.979152 -0.191967
-1.255 -0.681 15.366 149 150 136 0.023387 0.999540 -0.019320
-1.284 -0.680 15.364 174 173 169 0.055770 0.996213 -0.066706
-1.482 -0.675 15.333 141 147 119 0.028010 0.999021 -0.034234
-1.245 -0.681 15.361 182 173 176 0.031749 0.995155 -0.093056
-1.561 -0.684 15.319 125 121 112 -0.165469 0.942218 -0.291281
-1.311 -0.682 15.329 161 151 159 0.025657 0.991692 -0.126053
-1.471 -0.677 15.325 96 92 91 0.114005 0.993475 -0.003257
-1.406 -0.683 15.320 138 142 128 -0.005776 -0.980742 -0.195224
-1.191 -0.681 15.317 136 134 122 -0.028056 -0.990945 -0.131303
-1.439 -0.682 15.324 163 162 158 0.091787 0.969423 -0.227582
-1.148 -0.685 15.341 169 163 163 0.012020 0.993323 -0.114740
-1.249 -0.680 15.346 140 143 134 0.066925 0.997509 -0.022308
-1.275 -0.683 15.319 204 201 196 -0.062297 0.997811 -0.022174
-1.344 -0.682 15.318 117 102 105 -0.004975 -0.999904 0.012934
-1.174 -0.683 15.319 130 116 115 -0.026664 -0.997238 -0.069327
-1.177 -0.679 15.353 153 143 134 -0.007957 0.985521 -0.169369
-1.121 -0.682 15.324 135 124 118 0.001122 -0.986665 -0.162760
-1.126 -0.683 15.332 140 148 137 -0.021100 0.999736 -0.009043
-1.338 -0.680 15.310 119 117 102 -0.014539 -0.989755 -0.142033
-1.339 -0.681 15.328 142 143 125 0.045185 0.995177 -0.087064
-1.538 -0.679 15.329 153 158 152 -0.006490 0.912557 -0.408898
-1.473 -0.678 15.316 118 121 112 0.036380 0.998883 -0.030143
-1.472 -0.676 15.331 144 139 120 0.018593 0.955694 -0.293774
-1.548 -0.682 15.324 160 161 147 -0.126178 0.937514 -0.324263
-1.476 -0.678 15.319 118 129 113 0.053226 -0.982908 -0.176237
-1.209 -0.678 15.362 161 150 144 -0.053835 0.979798 -0.192610
-1.382 -0.681 15.314 110 117 101 0.030140 0.992383 0.119443
-1.246 -0.681 15.354 132 123 114 0.032289 0.998887 -0.034373
-1.222 -0.682 15.355 204 196 194 0.036713 0.993482 -0.107915
-1.549 -0.682 15.309 102 98 86 0.129278 -0.975230 -0.179482
-1.165 -0.685 15.337 151 157 147 0.030966 0.987456 -0.154828
-1.137 -0.683 15.332 148 144 141 -0.040618 0.998779 -0.028120
-1.271 -0.680 15.336 151 145 155 -0.049394 0.995560 -0.080128
-1.582 -0.676 15.346 144 138 124 -0.151969 0.924361 -0.349947
-1.208 -0.682 15.322 127 126 98 -0.019641 -0.983215 -0.181392
-1.583 -0.680 15.331 90 84 62 0.003717 0.947931 -0.318455
-1.353 -0.680 15.340 140 135 129 -0.007910 0.986455 -0.163844
-1.432 -0.681 15.307 136 136 124 -0.012787 -0.979960 -0.198782
-1.324 -0.680 15.340 125 125 117 0.047380 0.988037 -0.146761
-1.195 -0.683 15.323 125 131 121 -0.015063 -0.981438 -0.191189
-1.574 -0.686 15.317 98 99 81 -0.024972 0.995618 0.090116
-1.554 -0.676 15.333 155 141 128 -0.146990 0.916936 -0.370974
-1.124 -0.681 15.322 106 110 95 0.028599 -0.987229 -0.156721
-1.365 -0.683 15.318 191 187 176 0.014894 0.999885 0.002979
-1.303 -0.678 15.353 146 147 142 0.054989 0.986287 -0.155606
-1.384 -0.680 15.334 126 124 99 -0.046521 0.979335 -0.196821
-1.161 -0.683 15.349 151 148 139 0.034289 0.980186 -0.195091
-1.593 -0.686 15.324 89 98 67 -0.044470 0.977133 -0.207926
-1.356 -0.681 15.336 170 150 139 -0.003226 0.994541 -0.104292
-1.588 -0.684 15.313 110 104 78 -0.081205 -0.970708 -0.226124
-1.101 -0.678 15.331 136 132 120 -0.081480 0.994497 -0.065853
-1.289 -0.682 15.336 159 157 158 -0.003232 0.994518 -0.104516
-1.515 -0.681 15.316 106 94 82 0.005860 -0.976198 -0.216803
-1.174 -0.679 15.347 135 138 119 0.017516 0.979705 -0.199678
-1.317 -0.678 15.354 151 148 131 0.031485 0.983026 -0.180746
-1.089 -0.682 15.322 113 104 95 -0.120280 0.990882 0.060713
-1.386 -0.678 15.341 143 141 129 -0.020592 0.967835 -0.250741
-1.342 -0.681 15.313 115 101 90 0.014209 -0.993541 -0.112579
-1.218 -0.683 15.333 181 170 174 -0.043054 -0.994656 -0.093836
-1.535 -0.680 15.309 85 86 78 0.127418 -0.978521 -0.162056
-1.312 -0.684 15.327 170 155 160 0.025913 0.990325 -0.136325
-1.436 -0.682 15.324 169 167 170 0.103928 0.951142 -0.290736
-1.430 -0.680 15.332 158 144 144 0.087390 0.966356 -0.241906
-1.433 -0.683 15.314 150 147 132 0.044102 0.997144 0.061313
-1.250 -0.682 15.324 207 201 187 0.022349 0.997204 -0.071305
-1.090 -0.678 15.320 70 67 50 0.111819 -0.984726 -0.133461
-1.418 -0.683 15.320 149 151 137 0.022082 -0.982089 -0.187120
-1.217 -0.683 15.354 181 181 183 0.016908 0.988554 -0.149918
-1.152 -0.685 15.327 128 136 123 0.047629 -0.998097 -0.039162
-1.553 -0.681 15.302 129 129 127 0.109887 -0.971304 -0.210933
-1.275 -0.678 15.349 145 149 126 0.044734 0.996158 -0.075285
-1.374 -0.683 15.319 186 183 174 -0.035942 0.999201 0.017458
-1.156 -0.684 15.320 125 120 101 0.016462 -0.993202 -0.115233
-1.108 -0.682 15.340 151 152 144 -0.119011 0.990221 -0.072793
-1.360 -0.682 15.324 169 161 159 -0.005399 0.994485 -0.104739
-1.147 -0.684 15.329 160 158 146 -0.056668 0.998393 -0.001030
-1.201 -0.685 15.328 146 139 133 -0.019241 -0.988071 -0.152794
-1.235 -0.681 15.359 170 159 166 0.071479 0.992769 -0.096440
-1.513 -0.680 15.326 146 156 147 -0.008990 0.999875 0.012985
-1.182 -0.679 15.355 155 149 133 -0.057027 0.956789 -0.285136
-1.300 -0.681 15.311 105 103 91 -0.019823 -0.980656 -0.194732
-1.580 -0.685 15.329 124 128 111 -0.082860 0.943027 -0.322234
-1.339 -0.681 15.314 132 124 113 0.023061 0.993805 0.108715
-1.229 -0.684 15.339 146 143 138 0.108483 0.993880 -0.020820
-1.152 -0.682 15.309 118 118 92 0.050090 -0.986655 -0.154929
-1.411 -0.684 15.330 138 142 143 0.038133 0.965634 -0.257092
-1.328 -0.680 15.337 124 123 121 0.052432 0.986891 -0.152636
-1.132 -0.679 15.307 97 90 74 0.048763 -0.981201 -0.186726
-1.200 -0.682 15.319 138 125 119 -0.026502 -0.985194 -0.169384
-1.173 -0.684 15.328 157 157 149 0.025829 0.999085 -0.034095
-1.339 -0.681 15.331 135 125 123 0.054330 0.988348 -0.142183
-1.235 -0.682 15.333 166 158 155 0.040702 0.998774 -0.028179
-1.083 -0.677 15.323 142 134 121 0.064123 -0.993350 -0.095623
-1.316 -0.681 15.336 119 116 101 0.048282 0.983301 -0.175463
-1.431 -0.681 15.327 156 157 159 0.100177 0.967530 -0.232055
-1.413 -0.679 15.341 120 122 121 0.077356 0.962514 -0.259968
-1.391 -0.681 15.312 135 119 104 -0.012671 -0.982571 -0.185456
-1.346 -0.680 15.335 141 143 140 0.042819 0.987155 -0.153918
-1.506 -0.679 15.306 105 88 78 0.017010 -0.987712 -0.155358
-1.428 -0.684 15.324 147 143 140 0.023556 0.990466 -0.135726
-1.108 -0.683 15.331 126 130 113 -0.218352 0.973333 -0.070317
-1.215 -0.680 15.315 125 119 103 -0.019978 -0.978912 -0.203303
-1.591 -0.683 15.312 97 100 71 -0.053716 -0.963140 -0.263583
-1.220 -0.682 15.324 144 132 118 -0.030611 -0.989756 -0.139450
-1.149 -0.683 15.335 171 175 176 -0.044369 0.996686 -0.068177
-1.371 -0.683 15.323 175 172 165 -0.039860 0.989658 -0.137800
-1.240 -0.679 15.367 163 156 150 -0.001112 0.988665 -0.150135
-1.216 -0.683 15.350 147 146 144 -0.024427 0.982880 -0.182618
-1.123 -0.682 15.326 135 136 120 0.021226 -0.990897 -0.132939
-1.244 -0.679 15.367 151 143 141 0.024772 0.996247 -0.082931
-1.177 -0.680 15.344 139 139 131 0.017547 0.979150 -0.202381
-1.485 -0.677 15.310 95 98 81 0.039175 -0.992817 -0.113049
-1.308 -0.684 15.324 151 143 140 0.031311 0.996566 -0.076659
-1.516 -0.681 15.327 141 151 150 0.007558 0.994471 -0.104738
-1.247 -0.681 15.337 157 156 162 0.069451 0.995463 -0.065041
-1.198 -0.679 15.354 167 148 144 -0.067787 0.972440 -0.223082
-1.582 -0.682 15.314 104 113 96 -0.005797 -0.979662 -0.200570
-1.460 -0.682 15.315 149 123 136 0.118199 0.988893 -0.090112
-1.396 -0.685 15.328 140 136 133 -0.031794 0.980892 -0.191939
-1.147 -0.684 15.344 176 174 175 0.040650 0.986045 -0.161437
-1.502 -0.680 15.324 112 105 95 0.085418 -0.988741 -0.122861
-1.285 -0.681 15.358 195 197 194 0.064123 0.993350 -0.095623
-1.569 -0.679 15.338 132 127 124 -0.143440 0.901826 -0.407597
-1.169 -0.681 15.311 119 114 111 -0.034034 -0.982289 -0.184253
-1.525 -0.678 15.330 131 129 134 -0.027594 0.972999 -0.229153
-1.241 -0.682 15.333 183 174 179 0.058927 0.997475 -0.039642
-1.567 -0.683 15.306 114 114 90 0.022893 -0.969959 -0.242189
-1.435 -0.678 15.305 131 125 111 -0.022408 -0.977712 -0.208752
-1.192 -0.683 15.324 136 129 121 -0.007927 -0.986394 -0.164210
-1.396 -0.681 15.334 133 131 108 -0.053310 0.940079 -0.336764
-1.164 -0.684 15.332 145 149 135 0.055424 0.996540 -0.061944
-1.525 -0.675 15.304 77 70 60 0.060046 -0.985460 -0.158945
-1.556 -0.679 15.328 143 144 136 -0.166077 0.912716 -0.373319
-1.263 -0.681 15.332 161 160 156 0.009591 0.996404 -0.084188
-1.138 -0.682 15.316 123 124 108 0.035765 -0.986410 -0.160364
-1.123 -0.684 15.337 163 163 155 0.013140 0.999688 -0.021227
-1.342 -0.680 15.310 120 97 103 -0.040760 -0.994772 -0.093639
-1.297 -0.684 15.320 178 168 159 -0.029251 -0.981661 -0.188376
-1.245 -0.682 15.318 120 111 102 -0.009534 0.996794 0.079447
-1.234 -0.682 15.328 160 139 134 0.056900 0.994076 0.092602
-1.221 -0.681 15.320 141 132 125 -0.052025 -0.988470 -0.142201
-1.578 -0.681 15.337 135 127 125 -0.026107 0.956016 -0.292151
-1.240 -0.680 15.311 129 125 113 0.005491 -0.991695 -0.128492
-1.521 -0.682 15.323 109 112 93 -0.007047 0.999658 -0.025168
-1.463 -0.676 15.332 158 155 136 0.035696 0.986833 -0.157755
-1.171 -0.685 15.326 163 154 147 0.011206 0.999372 0.033618
-1.486 -0.681 15.324 118 102 105 -0.038694 0.998725 0.032419
-1.258 -0.681 15.312 144 137 121 0.005173 -0.998482 -0.054839
-1.170 -0.682 15.313 118 113 110 0.003412 -0.983919 -0.178584
-1.199 -0.685 15.341 147 143 140 -0.037512 0.990098 -0.135272
-1.489 -0.676 15.327 73 58 79 0.055288 -0.984598 -0.165864
-1.125 -0.678 15.306 108 81 74 0.047840 -0.985980 -0.159857
-1.218 -0.685 15.342 147 148 142 0.005377 0.994753 -0.102164
-1.259 -0.681 15.367 151 148 133 0.005316 0.996270 -0.086124
-1.155 -0.683 15.336 151 152 147 -0.001075 0.994546 -0.104293
-1.508 -0.681 15.322 122 117 98 0.016876 -0.988935 -0.147384
-1.266 -0.681 15.364 175 163 163 0.036201 0.994985 -0.093246
-1.390 -0.678 15.341 147 140 132 -0.016234 0.950292 -0.310937
-1.306 -0.680 15.346 149 151 150 0.036310 0.982711 -0.181550
-1.367 -0.683 15.327 192 184 182 -0.012093 0.992721 -0.119830
-1.183 -0.684 15.340 161 160 155 -0.005616 0.987362 -0.158382
-1.400 -0.684 15.329 154 149 145 -0.029515 0.938066 -0.345198
-1.588 -0.681 15.303 112 110 87 -0.022164 -0.981051 -0.192477
-1.448 -0.676 15.331 137 130 114 0.105576 0.967994 -0.227688
-1.185 -0.683 15.324 141 142 134 -0.021312 -0.999624 -0.017252
-1.280 -0.680 15.346 124 126 121 0.005306 0.996466 -0.083835
-1.186 -0.679 15.345 144 148 149 -0.061798 0.977859 -0.199934
-1.296 -0.681 15.311 123 113 101 -0.017556 -0.979611 -0.200136
-1.100 -0.677 15.322 114 115 107 0.102256 -0.988472 -0.111659
-1.147 -0.684 15.324 155 149 135 0.041329 -0.993007 -0.110582
-1.262 -0.681 15.363 154 163 158 0.007187 0.998999 -0.044149
-1.437 -0.683 15.319 153 160 152 -0.088480 -0.987433 -0.130950
-1.407 -0.682 15.316 145 147 133 0.037552 -0.972715 -0.228945
-1.369 -0.677 15.343 134 133 128 0.005629 0.987305 -0.158734
-1.161 -0.684 15.341 171 167 168 0.065393 0.983268 -0.170021
-1.231 -0.683 15.350 121 134 114 0.076630 0.991613 -0.104079
-1.311 -0.681 15.331 146 146 146 0.049878 0.987128 -0.151955
-1.426 -0.682 15.313 162 152 140 -0.015256 -0.977568 -0.210066
-1.152 -0.684 15.332 150 157 150 -0.035702 0.996406 -0.076813
-1.423 -0.678 15.337 94 85 68 0.074644 0.944187 -0.320840
-1.417 -0.678 15.341 121 115 99 0.077248 0.944000 -0.320777
-1.363 -0.682 15.325 186 172 169 -0.012252 0.990185 -0.139227
-1.403 -0.681 15.314 141 143 129 0.008218 -0.975570 -0.219533
-1.235 -0.681 15.342 106 101 81 0.058314 0.995733 -0.071517
-1.296 -0.681 15.342 126 116 117 0.014649 0.988253 -0.152126
-1.258 -0.681 15.359 171 158 152 0.003026 0.999507 -0.031266
-1.361 -0.680 15.340 143 144 128 -0.001106 0.989771 -0.142660
-1.369 -0.677 15.346 145 142 133 0.022542 0.976411 -0.214739
-1.490 -0.675 15.307 86 64 53 0.034797 -0.975511 -0.217180
-1.253 -0.681 15.314 138 133 125 0.014291 -0.992692 -0.119827
-1.330 -0.681 15.311 120 121 105 -0.034890 -0.991552 -0.124929
-1.388 -0.685 15.324 131 129 117 -0.016399 0.993750 -0.110417
-1.170 -0.683 15.336 147 144 139 0.049039 0.979584 -0.194960
-1.217 -0.679 15.363 147 147 142 -0.015539 0.971758 -0.235469
-1.245 -0.682 15.327 164 168 154 0.015648 0.998348 -0.055290
-1.113 -0.680 15.310 128 121 111 0.035424 -0.988441 -0.147409
-1.245 -0.680 15.341 134 128 130 0.073867 0.995555 -0.058432
-1.315 -0.678 15.349 129 125 113 0.035969 0.985089 -0.168243
-1.248 -0.679 15.367 133 129 128 0.037272 0.997828 -0.054311
-1.544 -0.682 15.311 95 96 90 0.093405 -0.987252 -0.128875
-1.292 -0.681 15.313 152 154 143 0.017100 -0.986095 -0.165299
-1.319 -0.681 15.342 120 112 99 0.033779 0.984245 -0.173553
-1.319 -0.681 15.311 116 107 78 -0.010025 -0.990209 -0.139231
-1.530 -0.677 15.333 133 123 132 -0.016260 0.949306 -0.313934
-1.218 -0.680 15.315 145 132 123 -0.040402 -0.986956 -0.155835
-1.525 -0.679 15.329 162 159 170 -0.008339 0.970875 -0.239443
-1.552 -0.684 15.315 101 95 79 0.115718 -0.976759 -0.180420
-1.409 -0.684 15.324 137 140 131 -0.023952 -0.998710 0.044781
-1.445 -0.680 15.327 136 140 139 0.093675 0.972970 -0.211081
-1.203 -0.683 15.347 213 222 219 -0.056805 0.977770 -0.201839
-1.546 -0.683 15.321 63 76 56 -0.101836 0.971846 -0.212473
-1.583 -0.680 15.341 110 102 79 -0.157053 0.927030 -0.340513
-1.333 -0.677 15.350 138 143 121 0.038665 0.983040 -0.179267
-1.293 -0.683 15.332 176 176 174 0.009854 0.993065 -0.117153
-1.420 -0.682 15.313 166 150 134 -0.008454 -0.965007 -0.262086
-1.378 -0.680 15.338 144 136 123 -0.005765 0.981268 -0.192564
-1.223 -0.682 15.323 142 137 134 -0.026054 -0.988922 -0.146129
-1.282 -0.684 15.331 179 179 179 -0.027463 0.994160 -0.104359
-1.414 -0.686 15.328 144 146 135 0.048282 0.983301 -0.175463
-1.350 -0.682 15.320 187 191 176 -0.022663 0.996101 -0.085257
-1.469 -0.681 15.316 118 111 101 0.055649 0.996229 -0.066561
-1.254 -0.682 15.359 148 145 128 0.013114 0.999690 -0.021184
-1.263 -0.680 15.353 161 158 149 0.036161 0.999063 -0.023763
-1.334 -0.682 15.328 135 142 135 0.064658 0.992554 -0.103226
-1.262 -0.681 15.360 158 163 159 0.036089 0.999156 -0.019591
-1.120 -0.680 15.309 119 116 99 0.038447 -0.984475 -0.171264
-1.419 -0.678 15.340 133 113 104 0.084470 0.952560 -0.292396
-1.569 -0.676 15.345 138 142 128 -0.138257 0.917523 -0.372875
-1.583 -0.686 15.316 122 131 114 0.042806 -0.995502 0.084513
-1.454 -0.681 15.311 144 135 136 -0.103267 -0.993805 -0.041085
-1.527 -0.678 15.312 74 63 57 0.029522 -0.978955 -0.201932
-1.356 -0.682 15.323 134 121 128 -0.043140 0.994423 -0.096235
-1.119 -0.680 15.308 125 126 112 0.026163 -0.988489 -0.149013
-1.584 -0.678 15.343 89 90 58 -0.094561 0.957264 -0.273319
-1.516 -0.679 15.307 101 93 90 0.045669 -0.984821 -0.167455
-1.227 -0.679 15.363 139 133 121 0.027463 0.994160 -0.104359
-1.161 -0.683 15.313 132 128 119 0.005555 -0.989979 -0.141108
-1.169 -0.685 15.324 149 144 141 -0.050502 -0.998698 -0.007215
-1.248 -0.681 15.363 167 161 161 0.030385 0.998522 -0.045054
-1.320 -0.680 15.346 143 129 116 0.027347 0.976184 -0.215212
-1.085 -0.683 15.322 112 109 104 0.138152 -0.981734 -0.130816
-1.268 -0.681 15.327 184 177 171 -0.034930 0.998151 -0.049749
-1.439 -0.680 15.310 122 113 98 -0.036940 -0.978322 -0.203767
-1.454 -0.682 15.316 152 143 134 0.075233 0.997098 -0.011656
-1.259 -0.681 15.327 175 175 173 -0.005093 0.999198 -0.039723
-1.464 -0.682 15.315 131 126 122 -0.090820 -0.987224 -0.130922
-1.273 -0.681 15.332 147 145 132 -0.043839 0.992567 -0.113533
-1.268 -0.679 15.349 176 171 175 0.009168 0.999322 -0.035654
-1.498 -0.678 15.326 103 108 86 -0.019359 0.999538 -0.023435
-1.244 -0.681 15.331 167 179 169 0.037347 0.997701 -0.056554
-1.165 -0.683 15.312 111 115 100 -0.017203 -0.985142 -0.170880
-1.576 -0.687 15.315 88 85 76 -0.039827 -0.973943 -0.223271
-1.364 -0.677 15.345 147 140 130 0.034019 0.981862 -0.186519
-1.229 -0.679 15.365 138 128 123 0.030660 0.989071 -0.144216
-1.561 -0.680 15.327 139 139 139 -0.192524 0.916983 -0.349395
-1.532 -0.680 15.320 98 85 77 -0.037889 0.969230 -0.243224
-1.214 -0.681 15.320 114 106 93 -0.033130 -0.988183 -0.149655
-1.344 -0.682 15.321 117 116 112 0.017666 0.998650 -0.048841
-1.470 -0.676 15.306 116 116 108 -0.062693 -0.972350 -0.224956
-1.582 -0.681 15.310 111 113 102 -0.029522 -0.978955 -0.201932
-1.342 -0.680 15.341 138 128 126 0.032876 0.989685 -0.139440
-1.210 -0.683 15.326 132 127 108 -0.003369 -0.987018 -0.160573
-1.287 -0.684 15.318 156 149 132 0.013831 -0.996884 -0.077665
-1.307 -0.681 15.333 158 170 146 -0.001096 0.991465 -0.130369
-1.491 -0.680 15.323 115 114 109 0.082544 -0.989367 -0.119747
-1.272 -0.679 15.350 195 192 183 -0.024384 0.997609 -0.064670
-1.294 -0.679 15.349 124 114 104 0.001088 0.992948 -0.118545
-1.325 -0.683 15.319 131 116 113 0.017218 0.999667 0.019244
-1.559 -0.682 15.303 118 120 106 0.087113 -0.977877 -0.190177
-1.354 -0.678 15.346 120 120 110 -0.023420 0.991465 -0.128255
-1.351 -0.681 15.324 169 175 171 -0.011520 0.998023 -0.061787
-1.173 -0.679 15.353 141 136 132 0.062231 0.974951 -0.213537
-1.243 -0.683 15.319 118 113 94 -0.007385 0.997002 0.077017
-1.298 -0.677 15.358 141 145 120 0.049396 0.989060 -0.138997
-1.127 -0.681 15.318 104 89 82 -0.012345 -0.988721 -0.149262
-1.440 -0.676 15.336 135 120 113 0.127011 0.932779 -0.337330
-1.138 -0.679 15.305 105 103 90 0.038228 -0.985829 -0.163339
-1.416 -0.683 15.317 153 151 138 0.046456 -0.980338 -0.191779
-1.192 -0.684 15.328 143 138 132 0.021825 -0.998762 -0.044690
-1.562 -0.683 15.324 95 101 97 -0.175838 0.924202 -0.339015
-1.534 -0.680 15.328 162 161 157 -0.019381 0.926419 -0.375994
-1.220 -0.679 15.360 176 174 179 0.054336 0.994673 -0.087602
-1.148 -0.681 15.311 128 118 91 0.040805 -0.985160 -0.166719
-1.578 -0.679 15.297 113 115 104 -0.015484 -0.973097 -0.229875
-1.121 -0.679 15.313 91 89 66 0.003382 -0.986540 -0.163484
-1.579 -0.682 15.306 122 133 117 -0.003481 -0.978185 -0.207705
-1.431 -0.680 15.330 159 147 147 0.140229 0.960634 -0.239831
-1.146 -0.684 15.342 172 171 167 -0.017074 0.986889 -0.160497
-1.347 -0.678 15.345 134 134 126 0.016882 0.989261 -0.145182
-1.495 -0.680 15.324 98 83 76 0.017748 -0.976117 -0.216520
-1.303 -0.680 15.335 157 167 168 0.017036 0.986948 -0.160138
-1.576 -0.684 15.306 115 111 76 -0.008348 -0.969616 -0.244491
-1.414 -0.680 15.308 156 148 137 0.027791 -0.970263 -0.240451
-1.298 -0.681 15.337 154 147 141 0.007910 0.986455 -0.163844
-1.387 -0.679 15.337 129 125 113 -0.029808 0.976505 -0.213424
-1.486 -0.680 15.320 96 70 71 0.044434 -0.990079 -0.133302
-1.561 -0.679 15.333 154 155 139 -0.171047 0.901231 -0.398152
-1.267 -0.682 15.316 157 142 149 -0.048315 0.997446 -0.052610
-1.186 -0.679 15.353 156 153 136 -0.064970 0.974555 -0.214525
-1.414 -0.681 15.336 112 112 86 0.055946 0.966009 -0.252381
-1.231 -0.680 15.309 118 110 108 0.026363 -0.986875 -0.159321
-1.193 -0.682 15.319 130 132 121 -0.034098 -0.981778 -0.186949
-1.586 -0.680 15.301 104 109 79 -0.034923 -0.974241 -0.222787
-1.201 -0.685 15.332 147 142 136 -0.011009 0.999855 0.013011
-1.286 -0.683 15.331 169 169 165 -0.011977 0.994101 -0.107794
-1.315 -0.680 15.345 134 128 104 0.031661 0.981506 -0.188796
-1.125 -0.681 15.320 98 95 80 0.033014 -0.989273 -0.142300
-1.105 -0.681 15.332 117 114 95 -0.143746 0.987525 -0.064277
-1.554 -0.683 15.322 79 91 71 -0.141632 0.912898 -0.382828
-1.290 -0.684 15.328 173 178 172 -0.009572 0.996595 -0.081897
-1.389 -0.685 15.328 165 158 152 -0.062486 0.955144 -0.289476
-1.389 -0.684 15.330 155 155 165 -0.035427 0.968738 -0.245544
-1.423 -0.677 15.340 116 100 101 0.088761 0.958357 -0.271427
-1.133 -0.683 15.319 150 145 141 0.042572 -0.988350 -0.146124
-1.373 -0.678 15.341 150 147 130 -0.001195 0.967043 -0.254611
-1.572 -0.680 15.339 136 126 114 -0.160952 0.922326 -0.351296
-1.459 -0.682 15.318 150 147 138 0.103491 0.986143 -0.129662
-1.500 -0.677 15.310 102 95 76 0.068576 -0.980518 -0.184073
-1.194 -0.680 15.347 150 153 144 -0.109408 0.972098 -0.207498
-1.511 -0.677 15.331 124 114 112 -0.025756 0.991045 -0.131020
-1.477 -0.676 15.311 103 86 76 0.062333 0.996241 0.060146
-1.299 -0.683 15.327 190 187 180 0.023963 0.987050 -0.158613
-1.450 -0.677 15.329 132 122 112 0.088546 0.981280 -0.171026
-1.386 -0.683 15.319 126 128 115 -0.033511 -0.985683 -0.165244
-1.146 -0.685 15.324 145 139 117 0.082544 -0.989367 -0.119747
-1.365 -0.683 15.313 181 174 166 0.036382 -0.998944 -0.028066
-1.126 -0.684 15.340 179 176 171 -0.034415 0.993589 -0.107685
-1.364 -0.682 15.309 152 141 137 0.018992 -0.990941 -0.132945
-1.157 -0.684 15.327 144 137 129 0.029844 0.999274 0.023670
-1.223 -0.683 15.349 165 166 160 0.076025 0.992861 -0.091911
-1.152 -0.685 15.345 174 184 193 0.045145 0.987404 -0.151641
-1.394 -0.677 15.342 148 143 137 -0.034242 0.947363 -0.318324
-1.181 -0.679 15.351 146 150 127 0.015036 0.981953 -0.188526
-1.324 -0.680 15.346 148 140 129 0.033765 0.983845 -0.175811
-1.410 -0.679 15.306 155 146 137 0.018033 -0.970197 -0.241647
-1.366 -0.683 15.312 162 155 145 0.040283 -0.996194 -0.077300
-1.258 -0.681 15.355 172 157 154 0.006965 0.999916 -0.010944
-1.275 -0.681 15.341 135 132 127 -0.093812 0.990240 -0.103078
-1.582 -0.686 15.314 117 127 100 -0.045775 -0.966221 -0.253618
-1.269 -0.678 15.346 162 161 159 0.009168 0.999322 -0.035654
-1.138 -0.683 15.329 137 137 127 0.057950 -0.991962 -0.112490
-1.427 -0.680 15.305 147 144 113 -0.005919 -0.971841 -0.235562
-1.504 -0.680 15.316 112 106 84 0.064364 -0.977602 -0.200378
-1.231 -0.684 15.341 123 123 111 0.086337 0.995613 -0.036065
-1.249 -0.683 15.319 172 163 146 0.019397 0.999432 0.027563
-1.244 -0.680 15.358 182 172 171 0.029665 0.994324 -0.102179
-1.205 -0.685 15.337 172 182 173 0.015042 0.999802 0.013037
-1.488 -0.675 15.332 124 128 105 0.003044 0.999365 -0.035510
-1.172 -0.681 15.344 161 150 154 0.057901 0.984321 -0.166614
-1.187 -0.684 15.342 143 140 133 -0.064453 0.976528 -0.205521
-1.453 -0.683 15.319 160 151 134 0.079742 0.993971 -0.075250
-1.592 -0.684 15.328 94 91 60 0.073101 0.955440 -0.285991
-1.103 -0.680 15.336 136 134 121 -0.167710 0.983663 -0.065419
-1.178 -0.682 15.336 166 154 154 0.093812 0.990240 -0.103078
-1.584 -0.684 15.332 120 108 86 -0.026406 0.949354 -0.313098
-1.254 -0.681 15.354 158 150 137 0.009061 0.999735 -0.021142
-1.373 -0.680 15.337 156 154 141 -0.015611 0.969099 -0.246178
-1.154 -0.680 15.306 131 130 109 0.026663 -0.984199 -0.175046
-1.494 -0.680 15.318 109 87 76 0.104583 -0.984521 -0.140646
-1.552 -0.682 15.305 116 106 107 0.135471 -0.978127 -0.157843
-1.276 -0.682 15.316 159 157 145 0.001057 -0.996509 -0.083483
-1.262 -0.678 15.371 145 132 124 0.025420 0.999527 -0.017286
-1.567 -0.679 15.336 135 127 125 -0.183898 0.927914 -0.324279
-1.467 -0.677 15.324 120 120 118 0.040479 0.986537 -0.158447
-1.235 -0.681 15.346 106 99 71 0.089635 0.994837 -0.047584
-1.122 -0.679 15.310 94 78 62 0.031072 -0.986258 -0.162266
-1.185 -0.681 15.343 177 177 185 -0.038535 0.984403 -0.171657
-1.427 -0.682 15.310 163 155 132 -0.026313 -0.987291 -0.156731
-1.079 -0.677 15.323 139 143 126 -0.134175 0.988228 -0.073505
-1.191 -0.679 15.354 152 148 137 -0.067411 0.974397 -0.214490
-1.112 -0.683 15.337 147 147 139 -0.122061 0.989276 -0.080212
-1.385 -0.679 15.338 144 138 122 -0.022987 0.969098 -0.245602
-1.265 -0.679 15.346 165 166 148 -0.005043 0.999559 -0.029250
-1.394 -0.681 15.315 138 119 112 -0.017875 -0.973589 -0.227608
-1.236 -0.680 15.363 168 158 156 0.030493 0.990459 -0.134395
-1.518 -0.683 15.320 100 92 81 -0.011701 -0.996744 -0.079782
-1.571 -0.683 15.304 111 103 90 0.005932 -0.971709 -0.236105
-1.197 -0.679 15.350 168 159 152 -0.116011 0.958069 -0.262003
-1.341 -0.678 15.348 144 142 117 0.023918 0.987462 -0.156035
-1.199 -0.684 15.343 157 153 152 -0.099494 0.978968 -0.178106
-1.249 -0.682 15.328 195 196 190 0.023763 0.999063 -0.036161
-1.252 -0.679 15.369 136 142 138 0.007173 0.999091 -0.042013
-1.539 -0.679 15.302 110 103 97 0.115718 -0.976759 -0.180420
-1.511 -0.682 15.319 92 93 75 -0.031811 0.994927 0.095434
-1.462 -0.678 15.324 139 141 138 0.059649 0.996686 -0.055311
-1.403 -0.680 15.310 137 139 128 0.020293 -0.972887 -0.230389
-1.322 -0.681 15.335 142 138 129 0.044120 0.978979 -0.199134
-1.351 -0.680 15.337 144 136 134 -0.016430 0.993480 -0.112821
-1.239 -0.680 15.345 130 128 114 0.051601 0.995790 -0.075755
-1.268 -0.680 15.354 190 185 181 -0.001003 0.999685 -0.025067
-1.280 -0.680 15.364 160 160 158 0.071479 0.992769 -0.096440
-1.472 -0.676 15.308 123 116 106 -0.106369 -0.965014 -0.239652
-1.426 -0.681 15.332 142 138 137 0.091439 0.959463 -0.266589
-1.139 -0.683 15.323 131 127 116 0.040805 -0.985160 -0.166719
-1.346 -0.680 15.311 135 119 96 0.007386 -0.997162 -0.074919
-1.409 -0.682 15.335 140 133 125 0.071100 0.969208 -0.235753
-1.293 -0.682 15.317 158 154 143 0.013026 -0.974548 -0.223803
-1.281 -0.681 15.337 168 167 169 -0.081536 0.986701 -0.140620
-1.237 -0.680 15.310 125 119 107 0.023608 -0.990424 -0.136029
-1.330 -0.682 15.328 155 162 155 0.063391 0.990050 -0.125629
-1.556 -0.685 15.320 81 96 73 -0.168214 0.930040 -0.326696
-1.249 -0.680 15.342 134 135 130 0.035423 0.997225 -0.065480
-1.115 -0.682 15.337 156 153 144 -0.102859 0.987213 -0.121776
-1.134 -0.680 15.309 108 102 86 0.033320 -0.986971 -0.157410
-1.566 -0.682 15.331 140 134 134 -0.153012 0.916669 -0.369195
-1.206 -0.685 15.345 196 202 188 -0.068951 0.966567 -0.246970
-1.205 -0.679 15.357 165 160 156 -0.058393 0.967826 -0.244752
-1.116 -0.683 15.346 159 171 161 -0.111590 0.985110 -0.130788
-1.233 -0.682 15.346 118 110 97 0.117254 0.991534 -0.055781
-1.160 -0.685 15.328 151 143 140 -0.033607 -0.996297 -0.079140
-1.263 -0.682 15.315 146 138 124 0.015343 -0.999312 -0.033754
-1.202 -0.682 15.323 137 123 114 -0.007942 -0.985961 -0.166785
-1.463 -0.676 15.329 143 142 124 0.051328 0.980016 -0.192183
-1.145 -0.684 15.327 141 135 123 0.060214 -0.991828 -0.112475
-1.378 -0.678 15.340 140 131 122 -0.008353 0.970179 -0.242246
-1.469 -0.678 15.310 87 89 75 -0.095417 -0.975239 -0.199509
-1.539 -0.682 15.315 78 81 72 0.124131 -0.989570 -0.073087
-1.130 -0.683 15.329 125 127 113 0.055337 -0.992687 -0.107287
-1.570 -0.680 15.337 121 122 108 -0.233782 0.910442 -0.341234
-1.579 -0.684 15.310 118 124 88 -0.008174 -0.977375 -0.211356
-1.576 -0.683 15.333 123 130 122 -0.127505 0.928179 -0.349609
-1.267 -0.682 15.323 201 194 176 -0.039796 0.997052 -0.065610
-1.182 -0.684 15.328 155 142 134 -0.034787 -0.998268 -0.047436
-1.343 -0.679 15.344 126 123 116 0.028002 0.991274 -0.128810
-1.357 -0.679 15.342 144 125 118 -0.001094 0.992057 -0.125785
-1.218 -0.685 15.346 146 147 142 0.067475 0.991535 -0.110933
-1.239 -0.680 15.341 123 127 126 0.087064 0.995177 -0.045185
-1.426 -0.683 15.318 162 155 145 0.017492 -0.980699 -0.194740
-1.107 -0.684 15.328 160 157 152 0.147559 -0.978355 -0.145079
-1.158 -0.683 15.311 121 121 111 0.014539 -0.989755 -0.142033
-1.569 -0.682 15.300 113 107 85 0.022974 -0.968520 -0.247873
-1.581 -0.683 15.335 113 111 88 -0.113155 0.958567 -0.261427
-1.208 -0.683 15.327 137 133 98 -0.039937 -0.989296 -0.140350
-1.488 -0.678 15.314 96 82 81 -0.047547 0.986889 0.154238
-1.558 -0.683 15.323 60 57 50 -0.180712 0.928776 -0.323601
-1.278 -0.682 15.314 130 130 118 -0.005554 -0.989666 -0.143285
-1.174 -0.682 15.342 145 142 135 0.066814 0.977920 -0.198014
-1.418 -0.679 15.305 167 152 133 0.024868 -0.976960 -0.211971
-1.159 -0.685 15.346 175 160 153 0.085451 0.974641 -0.206817
-1.427 -0.682 15.328 149 137 139 0.122665 0.964538 -0.233710
-1.173 -0.682 15.316 118 108 106 -0.023563 -0.990766 -0.133523
-1.262 -0.680 15.337 150 141 146 -0.017947 0.997624 -0.066508
-1.273 -0.678 15.344 109 108 90 -0.017528 0.999118 -0.038150
-1.311 -0.678 15.351 144 139 133 0.038957 0.980999 -0.190061
-1.263 -0.680 15.349 165 166 150 0.001009 0.999511 -0.031266
-1.403 -0.680 15.338 133 128 132 0.038622 0.960571 -0.275339
-1.115 -0.682 15.341 160 163 152 -0.058397 0.990461 -0.124809
-1.169 -0.684 15.329 157 162 156 0.037799 0.996817 -0.070198
-1.280 -0.683 15.317 124 128 114 0.018841 -0.991947 -0.125240
-1.231 -0.684 15.345 115 121 111 0.112014 0.992283 -0.053178
-1.275 -0.683 15.323 217 216 211 -0.070885 0.993516 -0.088888
-1.347 -0.679 15.329 125 128 109 0.001067 0.995277 -0.097074
-1.440 -0.678 15.333 123 119 110 0.119393 0.956457 -0.266338
-1.128 -0.681 15.315 116 94 81 0.019832 -0.981099 -0.192487
-1.201 -0.685 15.336 161 162 156 -0.031244 0.996580 -0.076494
-1.239 -0.681 15.315 117 111 95 0.027570 0.993640 0.109179
-1.299 -0.680 15.345 133 134 129 0.024290 0.984330 -0.174658
-1.579 -0.686 15.316 123 119 90 -0.016721 -0.991021 -0.132656
-1.178 -0.683 15.328 152 144 141 0.020663 0.995090 -0.096790
-1.280 -0.679 15.355 209 202 194 0.041786 0.997512 -0.056786
-1.119 -0.683 15.332 156 157 139 0.042270 -0.999016 -0.013403
-1.458 -0.677 15.327 125 122 79 0.083406 0.987948 -0.130395
-1.213 -0.683 15.353 197 203 203 -0.012275 0.989830 -0.141723
-1.267 -0.682 15.318 178 165 159 -0.007186 0.998906 -0.046198
-1.370 -0.683 15.316 191 189 176 -0.021869 0.998662 -0.046861
-1.511 -0.679 15.310 118 101 91 0.047387 -0.973256 -0.224784
-1.467 -0.682 15.319 142 143 135 0.033407 0.996830 -0.072203
-1.479 -0.677 15.310 102 77 80 -0.004945 -0.999948 -0.008902
-1.560 -0.677 15.335 151 155 138 -0.155830 0.919535 -0.360795
-1.399 -0.680 15.314 133 130 113 0.025494 -0.967573 -0.251302
-1.511 -0.680 15.314 106 93 76 0.001141 -0.982547 -0.186011
-1.580 -0.680 15.301 127 118 113 0.005818 -0.978546 -0.205948
-1.565 -0.679 15.337 144 133 131 -0.183541 0.900361 -0.394540
-1.439 -0.682 15.317 156 152 140 -0.019132 -0.989221 -0.145176
-1.574 -0.676 15.344 135 134 132 -0.129284 0.916110 -0.379511
-1.446 -0.678 15.329 130 120 121 0.124048 0.959740 -0.252013
-1.227 -0.679 15.309 131 129 116 0.029142 -0.982678 -0.183014
-1.259 -0.682 15.314 155 146 129 0.037003 -0.992355 -0.117737
-1.169 -0.680 15.347 154 157 138 0.049315 0.977879 -0.203274
-1.329 -0.678 15.349 156 138 126 0.036120 0.984560 -0.171279
-1.073 -0.677 15.324 140 133 123 -0.085610 0.995899 -0.029259
-1.227 -0.682 15.349 168 171 162 0.093784 0.993204 -0.068925
-1.257 -0.681 15.350 135 121 120 0.011273 0.999217 -0.037919
-1.221 -0.683 15.333 170 163 153 -0.079763 -0.984538 -0.155955
-1.360 -0.680 15.333 162 165 156 -0.007866 0.987696 -0.156189
-1.350 -0.681 15.326 145 157 153 0.005358 0.995428 -0.095364
-1.498 -0.680 15.323 114 108 86 0.103576 -0.980924 -0.164503
-1.396 -0.682 15.318 143 128 123 -0.001203 -0.963362 -0.268202
-1.338 -0.680 15.341 118 109 102 0.030729 0.989022 -0.144541
-1.186 -0.682 15.319 130 130 120 -0.023156 -0.993509 -0.111370
-1.328 -0.678 15.346 143 133 124 0.036188 0.984091 -0.173938
-1.257 -0.679 15.371 131 128 113 0.017985 0.997614 -0.066649
-1.406 -0.685 15.330 146 148 135 0.022947 0.969816 -0.242756
-1.195 -0.684 15.342 142 137 131 -0.052291 0.974073 -0.220109
-1.457 -0.681 15.321 138 127 125 0.068000 0.990034 -0.123322
-1.496 -0.677 15.308 96 77 73 0.064023 -0.988288 -0.138523
-1.156 -0.682 15.310 127 126 108 0.019540 -0.985032 -0.171260
-1.356 -0.681 15.339 154 138 125 -0.009987 0.990895 -0.134265
-1.467 -0.676 15.327 135 126 121 0.068911 0.992991 -0.096023
-1.567 -0.686 15.316 99 100 92 -0.073302 0.993522 0.086835
-1.325 -0.682 15.315 124 118 106 -0.021846 -0.985371 -0.169019
-1.593 -0.685 15.319 91 100 69 -0.005908 -0.972510 -0.232788
-1.418 -0.679 15.336 102 95 77 0.066963 0.961482 -0.266587
-1.276 -0.680 15.366 155 161 161 0.062333 0.996241 -0.060146
-1.515 -0.682 15.324 125 136 130 0.021348 -0.989858 -0.140445
-1.147 -0.682 15.315 128 125 106 0.078281 -0.981518 -0.174626
-1.272 -0.681 15.363 170 161 164 0.058686 0.997655 -0.035211
-1.238 -0.682 15.328 180 171 154 0.070130 0.997524 -0.005234
-1.589 -0.685 15.317 119 113 99 -0.005564 -0.989301 -0.145780
-1.143 -0.684 15.324 128 119 112 0.042407 -0.989105 -0.140973
-1.178 -0.683 15.324 144 137 121 0.042873 0.998620 0.030325
-1.249 -0.680 15.331 182 185 194 -0.001015 0.999295 -0.037537
-1.108 -0.682 15.344 158 158 150 -0.126787 0.987042 -0.098349
-1.437 -0.681 15.327 169 157 157 0.084668 0.966733 -0.241367
-1.349 -0.680 15.313 145 142 123 -0.011699 0.996572 -0.081895
-1.267 -0.678 15.340 119 119 109 -0.024581 0.997130 -0.071605
-1.576 -0.685 15.310 118 113 93 -0.012857 -0.978282 -0.206877
-1.270 -0.679 15.341 130 124 128 -0.035922 0.996014 -0.081641
-1.182 -0.681 15.342 157 158 160 -0.019686 0.983137 -0.181805
-1.272 -0.683 15.315 146 139 132 -0.076069 0.995516 -0.056225
-1.334 -0.680 15.340 107 107 97 0.082025 0.985490 -0.148596
-1.118 -0.682 15.321 108 94 83 0.068817 -0.987927 -0.138800
-1.221 -0.679 15.310 153 139 130 -0.037439 -0.990444 -0.132740
-1.430 -0.681 15.310 149 145 118 -0.008163 -0.978430 -0.206415
-1.301 -0.683 15.318 112 114 103 -0.008178 -0.977855 -0.209123
-1.350 -0.680 15.315 147 138 133 0.023623 -0.999336 -0.027731
-1.163 -0.686 15.323 156 152 141 -0.024723 -0.996438 -0.080618
-1.369 -0.678 15.340 132 132 124 0.005690 0.984306 -0.176379
-1.170 -0.683 15.332 149 148 146 0.005113 0.999108 -0.041928
-1.254 -0.682 15.362 146 143 128 0.021654 0.999186 -0.034028
-1.349 -0.679 15.309 121 112 107 0.003264 -0.993197 -0.116399
-1.594 -0.684 15.316 100 106 80 0.054884 -0.993504 -0.099686
-1.118 -0.681 15.307 139 137 125 0.053023 -0.983869 -0.170852
-1.374 -0.678 15.345 161 152 147 0.001185 0.970628 -0.240583
-1.369 -0.680 15.333 171 170 168 -0.007954 0.985139 -0.171576
-1.112 -0.684 15.328 144 139 135 0.079910 -0.990186 -0.114653
-1.303 -0.681 15.332 168 177 174 0.014737 0.987397 -0.157575
-1.102 -0.679 15.330 125 132 124 -0.158922 0.985318 -0.062392
-1.565 -0.683 15.328 135 131 128 -0.169772 0.924626 -0.340947
-1.285 -0.681 15.355 181 177 174 0.049394 0.995560 -0.080128
-1.506 -0.675 15.331 140 131 132 -0.041022 0.983359 -0.176981
-1.311 -0.681 15.338 139 151 137 0.031616 0.982447 -0.183843
-1.586 -0.684 15.324 109 115 103 -0.033141 0.988518 -0.147421
-1.521 -0.679 15.330 122 122 122 -0.011520 0.927973 -0.372469
-1.562 -0.681 15.326 140 145 148 -0.184863 0.909982 -0.371158
-1.280 -0.681 15.340 153 154 145 -0.051415 0.990592 -0.126823
-1.310 -0.681 15.341 130 138 127 0.026602 0.984272 -0.174647
-1.254 -0.682 15.324 189 189 177 0.021226 0.999660 -0.015162
-1.218 -0.682 15.357 215 220 214 0.019277 0.987671 -0.155351
-1.210 -0.679 15.359 161 151 149 -0.039175 0.979369 -0.198248
-1.468 -0.681 15.323 140 142 154 0.099822 0.995000 0.003220
-1.512 -0.681 15.323 113 116 105 0.050895 -0.991887 -0.116493
-1.283 -0.679 15.365 144 141 132 0.078601 0.992193 -0.096827
-1.143 -0.682 15.315 121 120 89 0.071002 -0.980784 -0.181716
-1.149 -0.683 15.319 125 124 104 0.057118 -0.987330 -0.148041
-1.240 -0.681 15.336 153 145 155 0.045057 0.998584 -0.028291
-1.321 -0.684 15.323 153 149 148 0.034856 0.998159 -0.049644
-1.484 -0.680 15.321 107 87 96 0.023812 0.999060 -0.036235
-1.143 -0.683 15.328 127 116 114 0.069910 -0.991340 -0.111168
-1.092 -0.681 15.319 115 113 116 0.119915 -0.986625 -0.110417
-1.547 -0.676 15.331 132 123 114 -0.148097 0.909737 -0.387873
-1.499 -0.679 15.316 92 74 72 0.074825 -0.984606 -0.157964
-1.293 -0.678 15.354 123 116 123 0.048434 0.992327 -0.113763
-1.250 -0.681 15.357 142 139 124 0.046349 0.997034 -0.061439
-1.272 -0.683 15.318 185 185 174 -0.049846 0.997986 -0.039241
-1.294 -0.679 15.346 111 97 86 0.049685 0.987926 -0.146745
-1.307 -0.678 15.351 130 138 123 0.045913 0.983001 -0.177764
-1.150 -0.682 15.315 129 122 94 0.073002 -0.982539 -0.171137
-1.097 -0.678 15.320 79 74 70 0.026774 -0.997063 -0.071754
-1.419 -0.684 15.332 135 137 123 0.096782 0.942627 -0.319512
-1.244 -0.681 15.333 163 168 164 0.052498 0.997457 -0.048212
-1.502 -0.677 15.329 131 131 119 -0.051618 0.922511 -0.382504
-1.308 -0.684 15.326 165 158 165 0.005555 0.989979 -0.141108
-1.267 -0.681 15.367 151 145 133 0.047151 0.998544 -0.026195
-1.227 -0.683 15.337 156 147 152 0.096173 0.995233 -0.016209
-1.373 -0.682 15.332 162 162 154 -0.020041 0.977277 -0.211016
-1.104 -0.681 15.336 123 133 122 -0.163383 0.983877 -0.072747
-1.165 -0.685 15.340 167 173 169 0.017684 0.977320 -0.211026
-1.326 -0.682 15.311 127 130 103 -0.030670 -0.989393 -0.141991
-1.360 -0.680 15.337 159 162 151 0.001135 0.983996 -0.178186
-1.538 -0.681 15.324 116 111 108 -0.030207 0.918045 -0.395324
-1.464 -0.682 15.322 153 153 155 0.076385 0.995218 0.060887
-1.236 -0.681 15.350 123 111 95 0.088532 0.994023 -0.063877
-1.095 -0.676 15.324 131 121 119 -0.234166 0.966093 -0.108765
-1.516 -0.676 15.332 135 121 121 -0.058110 0.906781 -0.417579
-1.274 -0.680 15.342 129 125 116 -0.045005 0.995589 -0.082325
-1.529 -0.681 15.320 102 88 87 -0.038103 0.996109 -0.079471
-1.266 -0.681 15.328 170 164 166 -0.037573 0.997285 -0.063337
-1.319 -0.681 15.336 138 133 127 0.039320 0.978233 -0.203749
-1.586 -0.682 15.306 94 98 61 0.003445 -0.981878 -0.189485
-1.466 -0.676 15.332 150 145 125 0.060938 0.989949 -0.127624
-1.441 -0.680 15.313 120 108 96 0.038705 0.994170 -0.100633
-1.346 -0.681 15.316 137 114 120 -0.005063 -0.999494 -0.031392
-1.365 -0.683 15.322 189 181 178 -0.011768 0.995981 -0.088793
-1.311 -0.678 15.354 159 152 146 0.040261 0.988109 -0.148389
-1.100 -0.681 15.314 132 141 122 0.086949 -0.985024 -0.148885
-1.222 -0.683 15.327 141 135 123 -0.059345 -0.987924 -0.143127
-1.445 -0.677 15.337 160 144 129 0.094826 0.954752 -0.281879
-1.383 -0.682 15.332 143 145 144 -0.022853 0.970662 -0.239358
-1.579 -0.686 15.325 123 118 112 -0.214898 0.923633 -0.317365
-1.538 -0.676 15.332 118 125 118 -0.016323 0.945500 -0.325212
-1.272 -0.680 15.358 175 175 175 0.043665 0.997896 -0.047925
-1.155 -0.682 15.313 127 126 108 0.021805 -0.985816 -0.166407
-1.142 -0.683 15.320 134 119 112 0.083297 -0.981458 -0.172630
-1.401 -0.683 15.332 139 135 124 -0.027248 0.977387 -0.209694
-1.188 -0.684 15.327 137 132 126 0.009079 0.999690 0.023202
-1.310 -0.683 15.321 157 145 129 0.019059 -0.989948 -0.140140
-1.284 -0.682 15.341 161 157 158 0.007927 0.986394 -0.164210
-1.133 -0.681 15.314 117 114 95 0.010101 -0.988746 -0.149266
-1.579 -0.676 15.349 139 134 128 -0.144339 0.933394 -0.328544
-1.222 -0.682 15.358 204 197 204 -0.031557 0.982947 -0.181161
-1.546 -0.677 15.328 146 137 142 -0.105532 0.941770 -0.319267
-1.123 -0.684 15.343 163 169 165 -0.034958 0.991232 -0.127428
-1.254 -0.681 15.337 183 186 177 0.044555 0.996507 -0.070636
-1.370 -0.680 15.336 162 158 155 -0.017171 0.985591 -0.168272
-1.516 -0.680 15.312 107 97 88 -0.014953 -0.983446 -0.180586
-1.475 -0.677 15.305 121 106 87 -0.017960 -0.971033 -0.238268
-1.398 -0.681 15.315 132 125 115 0.001208 -0.962384 -0.271689
-1.348 -0.682 15.322 162 166 167 -0.024630 0.996962 -0.073889
-1.302 -0.685 15.325 150 151 145 -0.007385 0.997002 -0.077017
-1.213 -0.685 15.333 155 147 144 0.023294 0.999613 0.015192
-1.254 -0.681 15.332 187 195 182 0.013748 0.997239 -0.072969
-1.302 -0.682 15.315 111 109 97 -0.015119 -0.980379 -0.196541
-1.152 -0.685 15.342 166 170 181 -0.007807 0.989239 -0.146100
-1.258 -0.682 15.320 175 178 154 -0.013296 0.999271 -0.035798
-1.477 -0.678 15.326 107 96 104 0.052413 0.986537 0.154911
-1.334 -0.682 15.318 126 127 119 -0.049593 -0.995158 -0.084858
-1.282 -0.680 15.355 209 202 192 0.027362 0.994868 -0.097407
-1.178 -0.681 15.318 130 116 105 -0.022570 -0.996314 -0.082757
-1.203 -0.683 15.325 138 128 118 -0.012298 -0.989468 -0.144228
-1.411 -0.679 15.341 122 120 99 0.042804 0.935204 -0.351512
-1.281 -0.680 15.349 144 144 136 0.024972 0.995618 -0.090116
-1.288 -0.683 15.314 154 149 129 0.001137 -0.983924 -0.178585
-1.230 -0.683 15.324 143 140 135 -0.030015 -0.992711 -0.116724
-1.244 -0.680 15.350 135 124 118 0.058445 0.997815 -0.030816
-1.147 -0.680 15.305 127 110 90 0.046543 -0.979792 -0.194526
-1.128 -0.685 15.340 149 153 156 -0.068506 0.993896 -0.086475
-1.147 -0.684 15.336 166 162 161 -0.057014 0.993841 -0.095024
-1.475 -0.676 15.331 146 133 127 0.012396 0.988283 -0.152130
-1.280 -0.679 15.366 137 138 140 0.046261 0.997301 -0.057019
-1.379 -0.683 15.332 170 170 178 -0.005690 0.984306 -0.176379
-1.197 -0.684 15.335 149 146 141 -0.052967 0.992841 -0.107060
-1.140 -0.684 15.337 154 153 148 0.053465 -0.996201 -0.068741
-1.259 -0.681 15.345 134 134 124 0.002979 0.999885 -0.014894
-1.573 -0.677 15.341 118 106 106 -0.137406 0.922982 -0.359477
-1.480 -0.676 15.327 102 101 80 0.052284 0.997674 -0.043748
-1.432 -0.680 15.331 166 153 160 0.133873 0.953019 -0.271723
-1.392 -0.679 15.306 133 123 111 -0.010796 -0.968005 -0.250698
-1.581 -0.687 15.322 135 121 118 -0.010120 0.988360 -0.151796
-1.228 -0.681 15.316 128 124 115 0.012229 -0.990532 -0.136740
-1.386 -0.683 15.315 104 106 92 -0.047564 -0.987240 -0.151972
-1.584 -0.682 15.307 114 107 89 0.026013 -0.989614 -0.141374
-1.333 -0.681 15.311 128 129 113 -0.021348 -0.989858 -0.140445
-1.253 -0.681 15.350 157 144 138 0.042962 0.998614 -0.030388
-1.240 -0.682 15.333 187 180 174 0.073259 0.996099 -0.049204
-1.376 -0.682 15.311 131 129 116 -0.050265 -0.985430 -0.162485
-1.492 -0.679 15.325 135 128 146 -0.040209 0.999038 -0.017527
-1.507 -0.680 15.320 119 112 93 0.060722 -0.982263 -0.177403
-1.253 -0.681 15.342 136 132 131 0.046074 0.997557 -0.052503
-1.176 -0.681 15.315 114 107 89 -0.007748 -0.990658 -0.136146
-1.374 -0.683 15.327 157 163 149 -0.081047 0.987833 -0.132729
-1.343 -0.680 15.332 144 135 138 0.049299 0.989422 -0.136432
-1.317 -0.683 15.331 166 165 171 0.049878 0.987128 -0.151955
-1.249 -0.680 15.350 136 138 124 0.024387 0.997743 -0.062558
-1.521 -0.680 15.328 135 148 141 -0.033142 0.997458 -0.063076
-1.392 -0.685 15.328 136 146 121 -0.059596 0.957337 -0.282763
-1.445 -0.680 15.307 124 125 111 -0.073985 -0.966816 -0.244526
-1.219 -0.684 15.327 149 139 137 -0.063121 -0.990422 -0.122799
-1.195 -0.682 15.317 125 131 119 0.007734 -0.990994 -0.133679
-1.215 -0.684 15.346 156 146 154 -0.012093 0.992721 -0.119830
-1.571 -0.681 15.298 113 101 77 0.032559 -0.973138 -0.227910
-1.092 -0.677 15.323 135 139 124 0.207048 -0.972499 -0.106661
-1.178 -0.682 15.342 161 169 158 -0.008027 0.982776 -0.184629
-1.249 -0.680 15.309 138 129 112 0.024017 -0.986991 -0.158971
-1.412 -0.685 15.328 142 145 138 0.039145 0.953366 -0.299268
-1.519 -0.676 15.332 117 104 98 0.009554 0.996780 -0.079615
-1.298 -0.682 15.315 119 111 100 -0.010557 -0.977143 -0.212320
-1.231 -0.682 15.359 141 141 133 0.060629 0.995424 -0.073858
-1.193 -0.682 15.344 170 169 164 -0.087072 0.977418 -0.192540
-1.285 -0.683 15.324 158 160 147 0.024529 0.997142 -0.071453
-1.406 -0.682 15.336 148 150 147 0.008281 0.973554 -0.228306
-1.465 -0.677 15.305 101 98 89 -0.083361 -0.994777 -0.058909
-1.431 -0.677 15.340 136 121 126 0.106961 0.962652 -0.248717
-1.573 -0.684 15.310 82 79 60 -0.035093 -0.971711 -0.233550
-1.548 -0.678 15.326 144 139 143 -0.095738 0.929058 -0.357330
-1.339 -0.682 15.319 145 135 126 0.036233 0.999008 -0.025881
-1.194 -0.679 15.350 155 150 147 -0.087240 0.976842 -0.195368
-1.186 -0.681 15.314 137 133 122 -0.019065 -0.990257 -0.137941
-1.544 -0.680 15.326 167 164 173 -0.100399 0.938398 -0.330648
-1.330 -0.681 15.332 143 138 134 0.076633 0.986801 -0.142656
-1.530 -0.680 15.328 159 153 157 0.008989 0.923305 -0.383961
-1.243 -0.680 15.310 125 111 108 0.005534 -0.990673 -0.136148
-1.205 -0.682 15.322 142 126 113 -0.026452 -0.985642 -0.166766
-1.289 -0.680 15.344 122 125 106 0.016978 0.988111 -0.152801
-1.236 -0.681 15.354 130 116 115 0.028857 0.997167 -0.069470
-1.204 -0.679 15.360 171 161 152 -0.085902 0.960305 -0.265398
-1.133 -0.684 15.333 143 132 128 -0.044102 0.997144 0.061313
-1.307 -0.683 15.317 139 127 111 0.001117 -0.988229 -0.152980
-1.399 -0.679 15.336 127 117 108 -0.011379 0.939400 -0.342634
-1.307 -0.682 15.313 128 119 110 -0.008134 -0.979553 -0.201023
-1.325 -0.681 15.337 122 121 116 0.028827 0.985890 -0.164892
-1.090 -0.682 15.319 119 116 109 0.127857 -0.985814 -0.108738
-1.262 -0.681 15.320 193 194 180 0.027415 0.994631 -0.099792
-1.315 -0.680 15.310 113 133 108 0.008042 -0.982277 -0.187264
-1.182 -0.683 15.319 131 120 116 -0.028173 -0.990567 -0.134104
-1.290 -0.684 15.331 178 176 177 -0.028228 0.990221 -0.136621
-1.584 -0.685 15.318 118 118 106 -0.017736 -0.998426 0.053208
-1.245 -0.681 15.346 150 143 135 0.053582 0.996184 -0.068891
-1.320 -0.682 15.316 131 127 115 -0.028707 -0.986388 -0.161910
-1.298 -0.681 15.341 137 129 127 0.026713 0.983723 -0.177697
-1.417 -0.680 15.308 163 146 130 0.008348 -0.969616 -0.244491
-1.213 -0.685 15.337 156 159 142 0.032031 0.999153 -0.025831
-1.111 -0.681 15.313 121 123 112 0.048394 -0.983223 -0.175871
-1.360 -0.682 15.315 183 185 180 -0.049644 0.998159 0.034856
-1.521 -0.678 15.306 86 77 72 0.017716 -0.976724 -0.213769
-1.325 -0.682 15.332 147 150 141 0.045145 0.987404 -0.151641
-1.399 -0.679 15.308 140 139 121 0.018002 -0.970896 -0.238824
-1.284 -0.680 15.350 174 164 162 0.018413 0.995380 -0.094231
-1.222 -0.678 15.364 145 148 130 0.003357 0.988171 -0.153318
-1.388 -0.680 15.307 139 127 111 -0.044634 -0.975919 -0.213520
-1.177 -0.679 15.349 156 134 121 0.022419 0.978191 -0.206494
-1.097 -0.682 15.319 121 120 100 0.061058 -0.989608 -0.130181
-1.186 -0.679 15.349 153 155 142 -0.081847 0.978493 -0.189346
-1.206 -0.686 15.341 177 189 175 -0.073428 0.981040 -0.179356
-1.529 -0.678 15.331 150 161 163 -0.011379 0.939400 -0.342634
-1.258 -0.682 15.324 181 186 178 0.001026 0.998734 -0.050296
-1.311 -0.678 15.349 137 135 123 0.038374 0.984935 -0.168613
-1.259 -0.681 15.363 150 141 134 0.023955 0.998801 -0.042702
-1.419 -0.682 15.316 157 152 133 0.001183 -0.971313 -0.237800
-1.198 -0.680 15.348 184 187 178 -0.093270 0.973740 -0.207681
-1.204 -0.682 15.350 220 230 231 -0.064106 0.964101 -0.257680
-1.262 -0.679 15.340 125 118 108 0.009314 0.998670 -0.050710
-1.414 -0.682 15.334 122 125 98 0.089378 0.935133 -0.342838
-1.281 -0.684 15.327 176 179 172 -0.073736 0.992605 -0.096425
-1.141 -0.684 15.332 150 150 142 -0.053099 0.998467 -0.015617
-1.231 -0.682 15.354 122 120 105 0.074480 0.994914 -0.067810
-1.583 -0.687 15.321 120 117 102 -0.030611 0.989756 -0.139450
-1.464 -0.679 15.310 121 122 108 -0.052921 -0.984336 -0.168172
-1.195 -0.684 15.329 122 123 117 0.012322 -0.989098 -0.146741
-1.136 -0.682 15.319 137 130 120 0.052330 -0.987298 -0.150013
-1.194 -0.685 15.332 152 142 140 0.038772 -0.998650 -0.034581
-1.150 -0.680 15.305 108 103 83 0.045669 -0.984821 -0.167455
-1.485 -0.677 15.327 122 127 130 -0.002944 0.999991 0.002944
-1.177 -0.683 15.322 138 132 118 -0.003056 -0.999206 0.039724
-1.449 -0.681 15.309 134 134 110 -0.031993 -0.993978 -0.104803
-1.549 -0.684 15.319 100 103 86 -0.088506 0.960741 -0.262953
-1.317 -0.682 15.334 144 143 138 0.036718 0.979553 -0.197806
-1.329 -0.680 15.335 120 113 105 0.019467 0.985927 -0.166039
-1.119 -0.680 15.306 141 133 122 0.083785 -0.979921 -0.180927
-1.545 -0.683 15.317 72 80 65 0.124961 -0.973185 -0.193122
-1.127 -0.679 15.305 100 88 90 0.055737 -0.983109 -0.174327
-1.258 -0.681 15.337 162 163 155 -0.003122 0.997978 -0.063479
-1.352 -0.680 15.342 143 140 133 0.003370 0.987372 -0.158384
-1.263 -0.680 15.367 150 149 145 -0.007145 -0.999261 0.037766
-1.508 -0.679 15.310 105 88 70 0.042259 -0.974368 -0.220953
-1.104 -0.684 15.323 143 152 147 0.107742 -0.992360 -0.060109
-1.115 -0.681 15.316 113 105 94 0.053531 -0.981396 -0.184383
-1.242 -0.682 15.315 124 117 107 0.025756 -0.991045 -0.131020
-1.404 -0.684 15.332 150 148 149 -0.001229 0.952780 -0.303660
-1.377 -0.680 15.334 120 132 118 -0.037329 0.974157 -0.222768
-1.351 -0.680 15.333 130 119 127 0.005534 0.990673 -0.136148
-1.116 -0.683 15.328 147 143 132 0.080050 -0.989602 -0.119495
-1.208 -0.682 15.351 203 216 222 -0.048924 0.979681 -0.194504
-1.493 -0.676 15.328 104 97 104 -0.029840 0.993549 -0.109412
-1.409 -0.683 15.334 134 148 131 0.046955 0.976423 -0.210696
-1.188 -0.682 15.317 136 132 121 -0.019532 -0.984642 -0.173490
-1.475 -0.677 15.313 113 99 90 -0.054726 -0.998497 0.003098
-1.570 -0.684 15.328 123 125 114 -0.187238 0.924927 -0.330834
-1.286 -0.683 15.328 173 168 157 -0.020901 0.993340 -0.113305
-1.263 -0.680 15.344 147 146 128 0.021912 0.998556 -0.049041
-1.441 -0.680 15.327 162 158 157 0.119525 0.965194 -0.232623
-1.334 -0.679 15.344 122 110 120 0.058213 0.982485 -0.177014
-1.347 -0.680 15.333 139 141 130 0.025763 0.991334 -0.128817
-1.427 -0.680 15.336 135 135 134 0.107283 0.960379 -0.257221
-1.277 -0.680 15.364 191 200 195 0.037417 0.997440 -0.060937
-1.430 -0.680 15.305 147 145 133 -0.012555 -0.984958 -0.172339
-1.575 -0.686 15.325 102 105 86 -0.094074 0.942064 -0.321971
-1.570 -0.686 15.316 119 116 111 -0.007721 0.991608 0.129052
-1.356 -0.682 15.320 118 101 119 -0.026506 0.997690 -0.062554
-1.190 -0.681 15.315 146 142 131 -0.031779 -0.980446 -0.194206
-1.524 -0.680 15.316 82 73 74 0.026263 -0.987698 -0.154149
-1.443 -0.682 15.317 128 113 110 0.098750 0.986310 -0.132063
-1.320 -0.678 15.351 130 122 99 0.017395 0.982261 -0.186711
-1.092 -0.677 15.327 143 144 126 0.095166 -0.988079 -0.121013
-1.487 -0.677 15.308 96 68 67 0.068342 -0.981970 -0.176251
-1.266 -0.680 15.338 138 130 119 -0.029265 0.996081 -0.083458
-1.547 -0.684 15.316 83 89 77 0.127727 -0.978415 -0.162449
-1.442 -0.678 15.306 125 119 119 -0.040137 -0.971813 -0.232311
-1.471 -0.680 15.323 129 128 124 -0.108515 -0.986178 -0.125210
-1.108 -0.683 15.319 138 136 123 0.143769 -0.976382 -0.161272
-1.525 -0.676 15.332 109 111 97 -0.034416 0.979076 -0.200562
-1.156 -0.684 15.342 164 165 159 -0.003445 0.981878 -0.189485
-1.356 -0.683 15.314 153 138 133 -0.037643 0.996992 -0.067757
-1.454 -0.676 15.333 140 145 122 0.116260 0.967134 -0.226133
-1.130 -0.682 15.320 134 118 103 0.010249 -0.985051 -0.171957
-1.589 -0.683 15.309 94 98 61 -0.017588 -0.979053 -0.202846
-1.508 -0.680 15.324 131 131 119 0.003419 -0.983442 -0.181190
-1.472 -0.678 15.313 111 111 103 0.102792 0.992900 0.059868
-1.584 -0.680 15.335 95 87 64 -0.063429 0.946254 -0.317144
-1.476 -0.679 15.323 106 123 105 0.062845 0.995603 -0.069461
-1.437 -0.681 15.314 144 146 132 0.001010 -0.999374 -0.035367
-1.183 -0.684 15.337 160 153 147 0.001067 0.995277 -0.097074
-1.103 -0.680 15.339 131 123 104 -0.185333 0.976420 -0.110702
-1.228 -0.684 15.344 157 157 157 0.092808 0.994050 -0.057026
-1.479 -0.676 15.333 149 144 140 -0.003685 0.954408 -0.298483
-1.385 -0.681 15.309 128 127 107 -0.010646 -0.973532 -0.228301
-1.307 -0.681 15.340 157 168 154 0.012793 0.980411 -0.196547
-1.173 -0.679 15.349 121 121 109 0.008174 0.977375 -0.211356
-1.082 -0.678 15.325 149 148 130 -0.079134 0.996222 -0.035773
-1.494 -0.676 15.309 81 70 64 0.090594 -0.982042 -0.165486
-1.342 -0.681 15.325 141 152 148 -0.011747 0.996366 -0.084365
-1.354 -0.681 15.327 158 148 139 -0.012047 0.993294 -0.114990
-1.307 -0.681 15.337 163 177 152 -0.007927 0.986394 -0.164210
-1.119 -0.682 15.341 162 151 157 -0.059779 0.996671 -0.055431
-1.508 -0.678 15.328 131 136 129 0.079893 -0.993597 -0.079893
-1.406 -0.683 15.324 134 137 120 -0.029373 0.981051 -0.191511
-1.378 -0.682 15.313 130 132 118 -0.033193 -0.987787 -0.152231
-1.356 -0.682 15.310 157 147 138 0.009908 -0.991904 -0.126603
-1.254 -0.683 15.320 178 177 161 0.022748 0.995492 -0.092075
-1.556 -0.678 15.331 151 149 137 -0.162472 0.914080 -0.371566
-1.173 -0.683 15.332 164 158 160 0.062877 0.983496 -0.169650
-1.426 -0.678 15.340 118 110 99 0.108717 0.954880 -0.276378
-1.536 -0.679 15.306 98 96 73 0.120249 -0.978108 -0.169836
-1.574 -0.682 15.333 124 120 119 -0.136840 0.924708 -0.355232
-1.432 -0.679 15.337 158 159 151 0.105092 0.943164 -0.315275
-1.408 -0.680 15.339 128 126 105 0.049372 0.955783 -0.289900
-1.579 -0.682 15.336 117 123 121 -0.127405 0.957505 -0.258750
-1.454 -0.679 15.306 142 124 138 -0.074337 -0.991545 -0.106360
-1.391 -0.684 15.318 133 131 110 -0.020232 -0.974711 -0.222553
-1.560 -0.683 15.310 96 92 81 0.067418 -0.985246 -0.157308
-1.380 -0.683 15.319 184 181 172 0.003103 -0.998255 -0.058964
-1.344 -0.680 15.336 150 142 140 0.036713 0.993482 -0.107915
-1.596 -0.685 15.319 100 109 80 -0.001020 0.999036 0.043880
-1.596 -0.681 15.313 92 92 58 -0.010495 -0.978409 -0.206411
