-2.589 -0.670 15.071 127 128 96 0.027162 -0.979020 -0.201945
-2.586 -0.670 15.069 127 121 97 0.017388 -0.981833 -0.188948
-2.590 -0.668 15.065 122 123 107 0.010477 -0.978975 -0.203711
-2.616 -0.671 15.073 163 160 153 0.007883 -0.987641 -0.156536
-2.596 -0.670 15.071 131 129 114 0.021682 -0.987101 -0.158621
-2.581 -0.669 15.064 119 109 99 0.016594 -0.992294 -0.122792
-2.601 -0.669 15.069 150 148 151 0.026502 -0.985194 -0.169384
-2.605 -0.668 15.069 149 151 148 0.030601 -0.989441 -0.141672
-2.599 -0.669 15.070 145 144 140 0.031202 -0.985757 -0.165256
-2.586 -0.669 15.066 133 131 106 0.019532 -0.984642 -0.173490
-2.612 -0.670 15.072 158 155 150 0.003414 -0.984316 -0.176380
-2.576 -0.669 15.063 137 131 131 0.012676 -0.982988 -0.183230
-2.593 -0.669 15.071 140 145 115 0.012840 -0.979315 -0.201933
-2.575 -0.667 15.059 126 116 114 0.021511 -0.988364 -0.150576
-2.605 -0.667 15.060 166 164 149 0.010514 -0.977834 -0.209119
-2.624 -0.667 15.038 172 174 171 -0.021226 -0.990897 -0.132939
-2.620 -0.670 15.069 169 158 154 0.007883 -0.987641 -0.156536
-2.613 -0.667 15.040 177 171 173 0.010253 -0.985435 -0.169745
-2.609 -0.667 15.040 175 170 167 0.007866 -0.987696 -0.156189
-2.648 -0.664 15.050 179 169 167 -0.015042 -0.982379 -0.186293
-2.663 -0.666 15.055 193 174 168 0.003445 -0.981878 -0.189485
-2.667 -0.668 15.065 173 158 153 0.005752 -0.981353 -0.192129
-2.707 -0.668 15.053 198 179 181 0.017524 -0.980160 -0.197434
-2.618 -0.667 15.061 175 161 161 0.015181 -0.979742 -0.199685
-2.642 -0.670 15.067 171 166 163 -0.022215 -0.980963 -0.192919
-2.627 -0.667 15.051 173 169 166 -0.014732 -0.987042 -0.159785
-2.710 -0.670 15.064 177 178 172 0.017203 -0.985142 -0.170880
-2.695 -0.670 15.065 183 184 179 0.007824 -0.989191 -0.146423
-2.602 -0.667 15.042 191 179 189 0.014820 -0.986131 -0.165305
-2.711 -0.669 15.054 192 178 175 0.017100 -0.986095 -0.165299
-2.668 -0.666 15.054 182 170 170 0.014682 -0.988200 -0.152465
-2.690 -0.668 15.049 182 182 182 0.022164 -0.981051 -0.192477
-2.671 -0.668 15.063 184 173 167 0.014848 -0.985692 -0.167899
-2.636 -0.665 15.046 188 170 166 -0.033130 -0.988183 -0.149655
-2.716 -0.669 15.055 188 177 171 0.026104 -0.988541 -0.148678
-2.710 -0.668 15.049 184 177 171 0.026263 -0.987698 -0.154149
-2.642 -0.665 15.050 184 180 181 -0.033956 -0.982372 -0.183829
-2.683 -0.670 15.073 171 158 150 0.035288 -0.989196 -0.142289
-2.698 -0.668 15.049 181 177 165 0.021805 -0.985816 -0.166407
-2.599 -0.665 15.057 169 168 164 0.028500 -0.988375 -0.149339
-2.618 -0.666 15.050 183 164 166 0.026851 -0.981810 -0.187957
-2.653 -0.665 15.045 183 173 172 0.015284 -0.976977 -0.212795
-2.643 -0.667 15.058 172 158 158 -0.022571 -0.975291 -0.219767
-2.637 -0.670 15.063 172 168 165 -0.044693 -0.974783 -0.218632
-2.656 -0.664 15.055 183 164 160 0.003494 -0.977023 -0.213105
-2.679 -0.670 15.070 171 168 159 0.024733 -0.978710 -0.203751
-2.607 -0.666 15.046 175 170 174 0.024552 -0.980910 -0.192908
-2.596 -0.666 15.049 175 178 171 0.035163 -0.990224 -0.134979
-2.645 -0.665 15.053 171 179 168 -0.022378 -0.978765 -0.203762
-2.635 -0.665 15.051 176 164 164 -0.029536 -0.979419 -0.199664
-2.660 -0.670 15.073 155 156 148 0.024199 -0.985251 -0.169394
-2.622 -0.666 15.044 171 172 166 0.026987 -0.996352 -0.080960
-2.603 -0.666 15.049 176 167 162 0.050072 -0.986296 -0.157202
-2.645 -0.670 15.066 171 161 170 -0.015511 -0.972432 -0.232668
-2.595 -0.665 15.054 167 168 170 0.026513 -0.985576 -0.167144
-2.611 -0.665 15.046 174 170 169 0.019686 -0.983137 -0.181805
-2.694 -0.667 15.049 183 180 173 0.031190 -0.985378 -0.167503
-2.594 -0.667 15.063 156 157 159 0.021723 -0.986681 -0.161208
-2.632 -0.666 15.046 184 176 165 -0.017010 -0.987712 -0.155358
-2.614 -0.668 15.036 185 170 167 0.026203 -0.987754 -0.153803
-2.655 -0.664 15.052 189 168 165 0.012322 -0.989098 -0.146741
-2.664 -0.666 15.060 185 166 160 0.010078 -0.988796 -0.148935
-2.620 -0.667 15.054 172 157 154 0.031143 -0.986195 -0.162636
-2.630 -0.670 15.066 168 159 144 0.019394 -0.986788 -0.160852
-2.606 -0.667 15.040 178 172 172 0.044694 -0.989006 -0.140959
-2.598 -0.666 15.045 168 164 165 0.026313 -0.987291 -0.156731
-2.607 -0.666 15.055 171 163 152 0.028500 -0.988375 -0.149339
-2.632 -0.665 15.049 177 169 166 -0.010177 -0.987156 -0.159438
-2.623 -0.666 15.050 166 157 158 0.035641 -0.987597 -0.152911
-2.601 -0.666 15.045 180 167 176 0.005472 -0.992580 -0.121473
-2.650 -0.666 15.057 159 173 148 -0.024381 -0.983372 -0.179956
-2.645 -0.665 15.050 176 179 170 -0.031544 -0.982528 -0.183421
-2.620 -0.667 15.040 183 182 180 -0.010439 -0.980079 -0.198335
-2.690 -0.670 15.064 187 186 184 0.024190 -0.984864 -0.171631
-2.634 -0.666 15.054 169 163 167 -0.003464 -0.980307 -0.197447
-2.588 -0.665 15.057 152 153 155 0.021797 -0.985437 -0.168637
-2.697 -0.669 15.060 187 183 180 0.017138 -0.986032 -0.165672
-2.657 -0.665 15.048 192 174 170 -0.003489 -0.978085 -0.208177
-2.721 -0.669 15.056 189 176 167 0.031720 -0.980981 -0.191497
-2.682 -0.670 15.066 182 179 172 0.019496 -0.985100 -0.170873
-2.646 -0.665 15.045 172 171 167 -0.001160 -0.978191 -0.207706
-2.623 -0.667 15.040 176 174 177 0.036325 -0.983127 -0.179283
-2.707 -0.668 15.056 194 178 179 0.028871 -0.985063 -0.169759
-2.645 -0.667 15.056 174 170 161 -0.003470 -0.979766 -0.200117
-2.611 -0.667 15.036 184 174 173 0.033779 -0.984245 -0.173553
-2.696 -0.670 15.068 177 178 182 0.033384 -0.986550 -0.160012
-2.663 -0.670 15.072 153 161 148 0.019386 -0.986423 -0.163073
-2.688 -0.671 15.071 169 166 161 0.027050 -0.979675 -0.198758
-2.626 -0.666 15.045 174 175 169 0.007809 0.989559 0.143916
-2.687 -0.669 15.056 195 188 182 0.024054 -0.986201 -0.163794
-2.615 -0.670 15.068 167 163 152 0.012531 -0.985409 -0.169741
-2.629 -0.669 15.062 174 161 152 -0.022123 -0.981575 -0.189794
-2.679 -0.670 15.072 168 164 153 0.017235 -0.984684 -0.173497
-2.651 -0.668 15.062 157 165 154 -0.012933 -0.977010 -0.212802
-2.651 -0.664 15.054 174 171 156 0.005627 -0.986950 -0.160928
-2.610 -0.667 15.061 172 164 151 0.047731 -0.986045 -0.159490
-2.695 -0.668 15.055 187 183 184 0.031202 -0.985757 -0.165256
-2.578 -0.668 15.059 130 111 105 0.019023 -0.990300 -0.137635
-2.652 -0.670 15.070 164 145 151 -0.007895 -0.986876 -0.161284
-2.634 -0.670 15.063 170 163 157 -0.014682 -0.988200 -0.152465
-2.687 -0.670 15.064 179 175 172 0.028327 -0.989186 -0.143902
-2.610 -0.665 15.055 172 169 164 0.019138 -0.989542 -0.142971
-2.678 -0.668 15.051 187 187 179 0.019211 -0.988795 -0.148037
-2.700 -0.668 15.059 185 183 184 0.023608 -0.990424 -0.136029
-2.595 -0.665 15.060 158 164 154 0.028544 -0.987637 -0.154140
-2.714 -0.668 15.050 189 178 174 0.017196 -0.984753 -0.173106
-2.614 -0.668 15.062 173 164 157 0.017074 -0.986889 -0.160497
-2.675 -0.670 15.072 164 155 148 0.028816 -0.985513 -0.167134
-2.678 -0.667 15.054 192 189 182 0.014959 -0.983852 -0.178359
-2.663 -0.666 15.049 190 175 172 -0.001143 -0.982047 -0.188635
-2.692 -0.670 15.071 171 166 170 0.019059 -0.989948 -0.140140
-2.656 -0.664 15.050 190 171 167 -0.003325 -0.989721 -0.142972
-2.588 -0.665 15.054 177 174 155 0.012349 -0.989050 -0.147066
-2.652 -0.664 15.047 184 173 171 0.001137 -0.983924 -0.178585
-2.690 -0.669 15.060 194 191 184 0.040557 -0.986110 -0.161068
-2.606 -0.665 15.051 174 167 161 0.019357 -0.987206 -0.158272
-2.687 -0.670 15.067 180 176 173 0.038156 -0.986263 -0.160716
-2.706 -0.667 15.049 189 175 172 0.019649 -0.983624 -0.179156
-2.640 -0.666 15.041 182 186 171 -0.039557 -0.976949 -0.209774
-2.617 -0.667 15.040 178 173 177 0.042984 -0.986317 -0.159158
-2.623 -0.668 15.059 168 157 151 -0.001108 -0.989726 -0.142973
-2.631 -0.670 15.073 159 157 145 -0.015291 -0.977464 -0.210549
-2.650 -0.665 15.045 175 174 172 -0.027000 -0.980223 -0.196045
-2.589 -0.666 15.050 171 176 170 0.019540 -0.985032 -0.171260
-2.704 -0.668 15.059 180 181 175 0.012793 -0.980411 -0.196547
-2.637 -0.666 15.042 180 182 169 -0.041661 -0.979638 -0.196404
-2.628 -0.671 15.073 165 153 153 -0.019787 -0.981186 -0.192047
-2.713 -0.669 15.058 195 180 177 0.024190 -0.984864 -0.171631
-2.700 -0.670 15.069 169 170 165 0.033970 -0.982792 -0.181565
-2.642 -0.665 15.045 172 178 164 -0.005597 -0.988498 -0.151129
-2.685 -0.669 15.059 193 190 185 0.028609 -0.987580 -0.154488
-2.621 -0.671 15.073 162 157 154 0.031025 -0.987044 -0.157421
-2.677 -0.669 15.065 180 176 173 0.023972 -0.987405 -0.156387
-2.657 -0.667 15.063 155 167 143 0.007866 -0.987696 -0.156189
-2.615 -0.666 15.047 183 164 166 0.014876 -0.985245 -0.170501
-2.683 -0.668 15.055 193 190 183 0.017524 -0.980160 -0.197434
-2.673 -0.667 15.058 182 176 178 0.027062 -0.980131 -0.196497
-2.583 -0.667 15.059 129 122 112 0.019065 -0.990257 -0.137941
-2.578 -0.666 15.056 118 100 98 0.019065 -0.990257 -0.137941
-2.615 -0.666 15.055 173 161 161 0.030778 -0.988308 -0.149329
-2.610 -0.667 15.038 177 169 167 0.036310 -0.982711 -0.181550
-2.678 -0.668 15.057 177 174 167 0.033715 -0.984711 -0.170900
-2.659 -0.665 15.061 170 163 155 0.017556 -0.979611 -0.200136
-2.656 -0.670 15.069 162 157 153 0.019905 -0.980024 -0.197878
-2.623 -0.668 15.063 170 161 152 0.010462 -0.979987 -0.198787
-2.706 -0.669 15.065 180 182 181 0.017492 -0.980699 -0.194740
-2.669 -0.669 15.071 160 152 150 0.026950 -0.980762 -0.193340
-2.590 -0.667 15.048 173 174 168 0.028936 -0.984994 -0.170146
-2.627 -0.667 15.040 173 172 170 -0.010386 -0.982093 -0.188109
-2.708 -0.669 15.060 185 181 172 0.024326 -0.983449 -0.179546
-2.672 -0.666 15.055 181 172 175 0.022215 -0.980963 -0.192919
-2.640 -0.669 15.062 172 166 170 -0.017620 -0.978485 -0.205564
-2.626 -0.668 15.057 175 161 160 0.026613 -0.984667 -0.172403
-2.691 -0.670 15.068 177 175 178 0.037877 -0.988252 -0.148066
-2.609 -0.666 15.051 168 168 166 0.035367 -0.989147 -0.142611
-2.614 -0.666 15.049 180 161 165 0.033460 -0.986489 -0.160377
-2.692 -0.669 15.056 187 182 179 0.028882 -0.985447 -0.167514
-2.669 -0.667 15.058 183 174 169 0.017100 -0.986095 -0.165299
-2.633 -0.667 15.042 185 174 172 -0.026413 -0.986450 -0.161920
-2.628 -0.667 15.038 175 166 167 -0.028762 -0.985955 -0.164518
-2.618 -0.667 15.036 178 175 170 -0.012415 -0.987540 -0.156878
-2.585 -0.666 15.054 142 140 143 0.035504 -0.988388 -0.147743
-2.668 -0.667 15.051 184 172 174 0.026303 -0.986934 -0.158962
-2.592 -0.666 15.054 170 175 168 0.021600 -0.987917 -0.153474
-2.635 -0.670 15.067 168 158 146 -0.017260 -0.983815 -0.178352
-2.714 -0.670 15.062 188 173 168 0.019320 -0.987615 -0.155700
-2.635 -0.668 15.058 169 163 163 -0.005702 -0.984235 -0.176775
-2.674 -0.667 15.050 188 188 178 0.010495 -0.978409 -0.206411
-2.626 -0.670 15.068 164 155 150 0.007868 -0.988040 -0.153995
-2.724 -0.668 15.049 189 182 189 0.026154 -0.988152 -0.151236
-2.593 -0.665 15.049 168 170 169 0.028173 -0.990567 -0.134104
-2.717 -0.670 15.059 186 175 169 0.023926 -0.987811 -0.153811
-2.719 -0.668 15.051 189 180 175 0.014511 -0.990111 -0.139531
-2.619 -0.666 15.044 175 169 169 0.022174 -0.981489 -0.190229
-2.701 -0.667 15.055 186 182 171 0.031779 -0.980446 -0.194206
-2.638 -0.671 15.067 160 157 148 -0.005815 -0.978074 -0.208175
-2.669 -0.667 15.049 185 175 174 0.005755 -0.981784 -0.189911
-2.594 -0.666 15.045 174 173 168 0.028979 -0.984136 -0.175035
-2.601 -0.667 15.062 166 165 163 0.010443 -0.980527 -0.196105
-2.673 -0.669 15.068 177 167 158 0.024688 -0.979274 -0.201028
