-2.105 -0.677 15.789 128 125 116 0.027898 0.999162 -0.029965
-2.131 -0.676 15.822 174 161 155 0.024581 0.997130 -0.071605
-2.138 -0.675 15.857 137 133 121 0.034790 0.998366 -0.045332
-2.088 -0.678 15.797 148 151 122 0.034926 0.998043 -0.051860
-2.096 -0.679 15.790 145 142 135 0.072555 0.994557 -0.074787
-2.095 -0.672 15.792 139 125 125 0.039562 0.997609 -0.056670
-2.110 -0.676 15.832 174 171 162 0.051185 0.996477 -0.066432
-2.121 -0.675 15.844 173 171 158 0.062325 0.996108 -0.062325
-2.109 -0.663 15.797 91 102 88 0.077430 0.990411 0.114412
-2.108 -0.660 15.798 81 77 78 0.090389 0.994279 -0.056912
-2.096 -0.672 15.785 87 84 75 0.080402 0.993137 -0.084932
-2.110 -0.679 15.790 132 133 117 0.091514 0.993092 -0.073437
-2.100 -0.671 15.789 114 110 99 0.052289 0.997764 -0.041618
-2.100 -0.676 15.817 166 163 156 0.085213 0.994886 -0.054226
-2.106 -0.670 15.796 126 117 120 0.055977 0.998083 -0.026404
-2.104 -0.674 15.792 129 117 119 0.061439 0.997034 -0.046349
-2.136 -0.674 15.842 114 111 102 0.050772 0.997068 -0.057253
-2.129 -0.672 15.847 152 138 135 0.037497 0.997429 -0.061067
-2.094 -0.659 15.788 113 114 100 0.048120 0.997682 -0.048120
-2.110 -0.668 15.823 160 163 156 0.049749 0.998151 -0.034930
-2.099 -0.668 15.806 165 158 150 0.055997 0.995877 -0.071369
-2.116 -0.676 15.801 107 109 98 0.054981 0.997201 -0.050669
-2.120 -0.669 15.811 125 136 119 0.057723 0.996534 -0.059901
-2.096 -0.679 15.802 142 119 101 0.028804 0.997465 -0.065075
-2.100 -0.656 15.798 104 100 89 0.018449 0.995154 -0.096585
-2.112 -0.677 15.796 112 108 97 0.047204 0.995666 -0.080136
-2.120 -0.669 15.835 145 134 130 0.043925 0.997420 -0.056781
-2.104 -0.670 15.793 128 120 118 0.043140 0.994423 -0.096235
-2.098 -0.668 15.788 107 99 88 0.052323 0.994137 -0.094627
-2.097 -0.663 15.787 95 73 75 0.076025 0.992861 -0.091911
-2.095 -0.658 15.792 116 119 108 0.094164 0.985741 -0.139458
-2.099 -0.677 15.800 119 116 99 0.077722 0.989507 -0.121803
-2.128 -0.675 15.853 175 165 156 0.007371 0.997174 -0.074762
-2.107 -0.675 15.792 111 99 99 0.052544 0.993871 -0.097263
-2.100 -0.676 15.785 134 137 128 -0.440522 0.808959 -0.389262
-2.106 -0.676 15.823 166 166 154 0.092276 0.992255 -0.083163
-2.103 -0.658 15.791 82 78 79 0.061010 0.995025 -0.078759
-2.094 -0.657 15.787 107 109 95 0.085794 0.991779 -0.094945
-2.096 -0.668 15.797 151 152 146 0.078779 0.992157 -0.097046
-2.120 -0.667 15.813 107 108 102 0.080899 0.992440 -0.092294
-2.116 -0.676 15.797 104 101 92 0.003245 0.994010 -0.109244
-2.109 -0.673 15.825 173 166 160 0.091529 0.993255 -0.071189
-2.128 -0.673 15.820 159 159 147 -0.007300 0.998078 -0.061533
-2.103 -0.677 15.820 163 163 151 0.085108 0.992922 -0.082838
-2.096 -0.677 15.809 161 152 147 0.033602 0.996124 -0.081294
-2.122 -0.667 15.820 85 85 77 0.028010 0.999021 -0.034234
-2.132 -0.671 15.842 126 127 113 0.003134 0.997687 -0.067905
-2.130 -0.670 15.837 116 118 105 0.056897 0.997312 -0.046162
-2.099 -0.677 15.797 95 100 80 -0.009314 0.998670 -0.050710
-2.095 -0.672 15.796 160 142 154 0.034650 0.998560 -0.040950
-2.111 -0.675 15.801 132 134 129 0.032823 0.990344 -0.134687
-2.102 -0.675 15.786 119 115 112 0.092215 0.994369 -0.052218
-2.111 -0.660 15.807 100 96 87 0.014127 0.994329 -0.105410
-2.123 -0.672 15.812 162 158 147 0.073885 0.996907 -0.026770
-2.124 -0.675 15.849 176 169 159 0.063076 0.997458 -0.033142
-2.091 -0.679 15.797 154 142 130 0.042356 0.998982 -0.015496
-2.126 -0.677 15.805 161 159 144 0.069879 0.994947 -0.072098
-2.095 -0.676 15.815 165 161 152 0.064124 0.996634 -0.051082
-2.096 -0.677 15.784 148 144 141 0.053376 0.991429 -0.119244
-2.097 -0.665 15.800 153 144 137 0.085245 0.989074 -0.120277
-2.097 -0.663 15.798 140 137 130 0.046818 0.996236 -0.072948
-2.097 -0.679 15.800 117 106 88 0.111400 0.988525 -0.102019
-2.099 -0.654 15.792 99 101 87 0.090726 0.995848 -0.007472
-2.114 -0.675 15.836 167 168 160 0.030632 0.998190 -0.051758
-2.099 -0.675 15.807 173 162 158 0.026454 0.997829 -0.060314
-2.095 -0.668 15.789 129 121 110 0.094005 0.989954 -0.105611
-2.126 -0.676 15.816 174 160 151 0.032547 0.998450 -0.045145
-2.126 -0.677 15.809 159 156 139 0.055997 0.995877 -0.071369
-2.096 -0.654 15.787 92 93 77 0.058551 0.995370 -0.076227
-2.091 -0.677 15.806 156 147 118 0.026823 0.996733 -0.076177
-2.096 -0.659 15.787 114 97 89 0.076164 0.992402 -0.096626
-2.112 -0.677 15.793 99 95 83 0.033602 0.996124 -0.081294
-2.123 -0.676 15.813 166 159 141 0.003232 0.994292 -0.106647
-2.121 -0.677 15.799 138 135 118 0.068227 0.994323 -0.081649
-2.097 -0.671 15.801 160 165 158 0.052218 0.994369 -0.092215
-2.094 -0.664 15.789 123 98 101 0.098062 0.990998 -0.091140
-2.121 -0.677 15.806 146 145 124 0.121165 0.984912 -0.123564
-2.114 -0.675 15.804 136 141 137 0.071464 0.992549 -0.098688
-2.114 -0.677 15.801 120 123 116 0.045538 0.994060 -0.098851
-2.120 -0.672 15.808 165 159 145 0.091704 0.992893 -0.075854
-2.108 -0.674 15.797 129 124 121 0.077006 0.994388 -0.072542
-2.094 -0.679 15.797 146 136 124 0.075148 0.984084 -0.161032
-2.141 -0.675 15.853 138 145 129 0.033071 0.997469 -0.062942
-2.095 -0.672 15.788 123 116 106 0.081649 0.994323 -0.068227
-2.109 -0.671 15.800 136 126 127 0.020338 0.996565 -0.080282
-2.121 -0.677 15.810 156 157 139 0.033802 0.995518 -0.088321
-2.110 -0.673 15.826 170 165 161 0.035565 0.996909 -0.070053
-2.111 -0.665 15.798 125 138 118 0.049605 0.988638 -0.141893
-2.094 -0.679 15.792 150 147 138 0.058861 0.989091 -0.135033
-2.094 -0.669 15.792 164 144 153 0.049892 0.994506 -0.092022
-2.103 -0.675 15.814 166 169 160 0.034145 0.994598 -0.098028
-2.091 -0.677 15.810 166 155 137 0.070321 0.994547 -0.077019
-2.090 -0.678 15.802 131 127 92 0.070741 0.993741 -0.086461
-2.091 -0.679 15.789 162 158 155 0.069346 0.992449 -0.101177
-2.119 -0.675 15.842 169 171 158 0.046731 0.996558 -0.068466
-2.132 -0.673 15.832 122 127 120 0.046349 0.997034 -0.061439
-2.097 -0.679 15.795 123 121 108 0.081898 0.990851 -0.107275
-2.118 -0.676 15.807 140 146 134 0.077483 0.993801 -0.079729
-2.139 -0.676 15.843 149 146 139 0.041786 0.997512 -0.056786
-2.104 -0.660 15.791 85 99 82 0.036993 0.992091 -0.119948
-2.097 -0.673 15.784 99 98 94 -0.670771 0.384004 -0.634513
-2.099 -0.678 15.797 107 106 88 0.058670 0.995179 -0.078596
-2.100 -0.676 15.813 169 162 156 0.033741 0.995910 -0.083809
-2.106 -0.665 15.793 147 147 135 -0.040357 -0.995831 0.081804
-2.098 -0.655 15.788 107 89 101 0.038705 0.994170 -0.100633
-2.102 -0.662 15.788 104 104 94 0.084505 0.995407 -0.044996
-2.104 -0.676 15.789 119 107 109 0.030510 0.998413 -0.047343
-2.119 -0.674 15.809 155 155 143 0.033668 0.995928 -0.083628
-2.101 -0.659 15.789 85 79 79 0.096173 0.995233 -0.016209
-2.101 -0.672 15.812 166 166 158 0.049802 0.994925 -0.087429
-2.121 -0.676 15.850 172 174 153 0.022086 0.998081 -0.057845
-2.095 -0.660 15.795 125 128 119 0.049041 0.998556 -0.021912
-2.121 -0.677 15.803 143 141 120 0.031680 0.995176 -0.092854
-2.097 -0.677 15.806 161 153 150 0.076319 0.992146 -0.099101
-2.094 -0.663 15.792 133 123 114 0.117542 0.986642 -0.112793
-2.125 -0.669 15.837 124 123 103 0.022217 0.997668 -0.064536
-2.110 -0.677 15.794 110 103 93 0.146007 0.983437 -0.107394
-2.130 -0.673 15.826 139 145 131 0.027896 0.999098 -0.032029
-2.092 -0.680 15.794 160 153 145 0.081731 0.991134 -0.104754
-2.110 -0.670 15.825 166 167 161 0.009571 0.996419 -0.084010
-2.098 -0.677 15.811 169 158 156 0.050868 0.996798 -0.061691
-2.097 -0.656 15.794 112 110 98 0.073152 0.993743 -0.084406
