-1.985 -0.666 14.460 139 132 116 -0.036488 -0.994029 -0.102831
-2.013 -0.663 14.374 108 101 85 0.075095 0.994173 -0.077337
-2.008 -0.663 14.404 131 132 114 0.199461 0.977964 -0.061652
-1.986 -0.668 14.365 132 134 121 0.117488 0.991232 -0.060455
-2.017 -0.664 14.377 96 92 81 0.049902 0.994707 -0.089823
-1.990 -0.668 14.360 141 138 121 0.115022 0.992760 -0.034618
-2.046 -0.665 14.394 146 144 147 -0.181139 0.975650 -0.123674
-2.017 -0.663 14.383 119 127 104 0.079748 0.990491 -0.112109
-2.045 -0.665 14.404 122 130 117 -0.176531 0.980051 -0.091309
-2.049 -0.665 14.399 119 114 111 -0.220604 0.966270 -0.132878
-2.013 -0.663 14.368 75 76 58 0.072654 0.996550 -0.040122
-2.024 -0.658 14.404 73 74 60 -0.034609 0.992502 -0.117225
-1.999 -0.662 14.430 135 129 103 -0.041492 -0.992440 -0.115504
-2.041 -0.665 14.381 149 140 135 -0.153097 0.981044 -0.118803
-2.008 -0.664 14.445 119 120 104 -0.020987 -0.993030 -0.115982
-2.012 -0.661 14.430 145 135 133 -0.059974 -0.992395 -0.107500
-1.991 -0.668 14.352 152 153 135 0.110347 0.993127 -0.039012
-1.989 -0.664 14.443 146 143 134 -0.022437 -0.996866 -0.075860
-1.995 -0.664 14.430 149 141 138 -0.092854 -0.995176 -0.031680
-2.008 -0.663 14.391 132 128 117 0.158693 0.982440 -0.098123
-2.027 -0.665 14.378 81 90 85 -0.050694 0.992468 -0.111526
-1.994 -0.667 14.356 140 133 123 0.110818 0.992881 -0.043655
-2.004 -0.665 14.361 123 114 99 0.101701 0.993543 -0.050292
-2.011 -0.662 14.436 130 126 117 -0.020982 -0.992773 -0.118161
-2.039 -0.663 14.400 133 123 132 -0.168760 0.973223 -0.156071
-2.016 -0.662 14.426 122 124 111 -0.010234 -0.985877 -0.167156
-2.014 -0.661 14.426 143 139 127 -0.014677 -0.987857 -0.154670
-2.013 -0.664 14.448 148 144 135 -0.007780 -0.990272 -0.138927
-1.999 -0.663 14.443 134 130 119 -0.007809 -0.989559 -0.143916
-2.003 -0.662 14.434 125 120 100 -0.047479 -0.994860 -0.089438
-2.019 -0.659 14.420 142 133 128 0.065585 0.994895 0.076701
-2.032 -0.659 14.421 132 122 121 0.092269 -0.989268 -0.113293
-2.012 -0.663 14.390 147 143 134 0.144160 0.985293 -0.091738
-2.036 -0.660 14.418 138 142 128 -0.190061 0.980999 -0.038957
-2.038 -0.664 14.387 145 136 131 -0.146340 0.980111 -0.134043
-1.999 -0.662 14.413 133 125 114 0.178177 0.982922 -0.046019
-2.020 -0.659 14.412 110 109 89 0.110889 0.993614 -0.020860
-1.995 -0.664 14.436 153 146 140 0.108483 0.993880 0.020820
-1.995 -0.666 14.383 136 139 118 0.143841 0.988476 -0.047180
-2.052 -0.664 14.415 165 155 156 -0.244526 0.966816 -0.073985
-2.003 -0.662 14.413 120 110 109 0.156387 0.987405 -0.023972
-2.048 -0.665 14.406 96 101 79 -0.196078 0.977952 -0.071855
-2.025 -0.659 14.416 128 127 109 -0.025262 0.993988 0.106538
-1.994 -0.667 14.360 123 138 107 0.119443 0.992383 -0.030140
-1.993 -0.665 14.457 141 135 109 0.032118 0.993452 0.109645
-1.999 -0.667 14.364 140 137 128 0.135260 0.990011 -0.039782
-2.034 -0.662 14.429 124 115 106 0.065038 -0.985031 -0.159639
-2.032 -0.659 14.412 127 129 116 -0.106826 0.991295 -0.076960
-1.989 -0.665 14.456 116 110 98 -0.053908 -0.995656 -0.075912
-2.012 -0.664 14.352 143 141 129 0.107220 0.993718 -0.032055
-1.993 -0.665 14.452 145 134 130 -0.027517 -0.993903 -0.106765
-2.053 -0.664 14.413 156 137 139 -0.215003 0.974273 -0.067573
-2.021 -0.662 14.429 123 131 120 -0.016940 -0.988164 -0.152460
-2.048 -0.662 14.426 120 129 102 -0.146420 0.989171 0.010059
-2.013 -0.663 14.386 110 100 99 0.117298 0.986965 -0.110189
-2.049 -0.665 14.405 110 114 81 -0.203310 0.974143 -0.098537
-2.048 -0.665 14.434 99 99 101 -0.110730 0.989576 0.092081
-2.034 -0.662 14.400 123 113 112 -0.168387 0.976644 -0.133462
-1.998 -0.664 14.409 142 127 120 0.136448 0.989531 -0.047011
-2.033 -0.662 14.392 142 134 132 -0.131299 0.984144 -0.119254
-2.001 -0.663 14.440 123 119 107 -0.016589 -0.992022 -0.124970
-2.048 -0.662 14.418 143 147 150 -0.218772 0.974084 -0.057443
-2.045 -0.664 14.431 91 84 100 -0.075545 0.993356 0.086820
-2.012 -0.663 14.439 122 119 112 -0.023246 -0.992950 -0.116232
-2.053 -0.664 14.408 156 162 128 -0.216421 0.972020 -0.091322
-1.986 -0.668 14.355 125 124 119 0.127978 0.991552 -0.021144
-1.995 -0.664 14.421 148 144 133 0.123630 0.992323 -0.003282
-2.042 -0.662 14.424 145 148 139 -0.131320 0.988966 0.068565
-2.033 -0.660 14.417 136 133 124 -0.114454 0.987609 0.107374
-2.019 -0.664 14.360 159 150 143 0.080128 0.995560 -0.049394
-2.042 -0.664 14.436 135 136 118 0.063120 -0.982531 -0.175069
-2.044 -0.662 14.417 136 135 133 -0.217304 0.974834 -0.049774
-2.032 -0.662 14.394 123 112 126 -0.077253 0.990455 -0.114150
-1.999 -0.667 14.369 143 147 133 0.121250 0.991534 -0.046460
-2.010 -0.661 14.413 99 93 97 0.142300 0.989273 -0.033014
-2.000 -0.663 14.446 120 127 111 -0.055875 -0.995895 -0.071214
-2.036 -0.664 14.436 118 126 103 0.092474 -0.983589 -0.154924
-2.029 -0.658 14.422 110 108 87 0.056320 -0.989624 -0.132180
-2.038 -0.661 14.425 122 111 127 0.136717 -0.983634 -0.117359
-1.991 -0.665 14.440 150 142 139 -0.049802 -0.994925 -0.087429
-2.029 -0.664 14.381 131 138 131 -0.045185 0.995177 -0.087064
-2.000 -0.664 14.452 133 127 127 -0.020739 -0.994393 -0.103696
-2.040 -0.662 14.429 101 90 104 0.097148 -0.989039 -0.111194
-2.055 -0.664 14.413 162 150 136 -0.227582 0.969423 -0.091787
-2.046 -0.664 14.413 158 164 150 -0.196511 0.977671 -0.074454
-2.004 -0.664 14.453 139 146 128 -0.005481 -0.992008 -0.126056
-2.003 -0.665 14.381 133 132 128 0.110498 0.989833 -0.089562
-2.022 -0.660 14.397 98 77 76 0.035424 0.988441 -0.147409
-2.007 -0.663 14.439 139 136 121 -0.005608 -0.988109 -0.153656
-2.009 -0.664 14.382 134 121 115 0.108379 0.989393 -0.096725
-2.004 -0.666 14.378 130 138 127 0.105469 0.992319 -0.064643
-2.039 -0.661 14.409 131 139 124 -0.208136 0.973381 -0.095967
-1.983 -0.668 14.347 153 154 149 0.092022 0.994506 -0.049892
-2.052 -0.664 14.432 116 118 97 0.150013 -0.987298 -0.052330
-2.051 -0.665 14.404 112 111 81 -0.221761 0.969412 -0.105178
-2.008 -0.665 14.355 133 125 123 0.079305 0.996206 -0.035850
-2.018 -0.665 14.354 151 140 134 0.085970 0.995726 -0.033735
-2.021 -0.658 14.408 99 93 81 0.149627 0.986127 -0.071868
-2.003 -0.662 14.417 129 116 107 0.183829 0.982372 -0.033956
-2.019 -0.662 14.430 136 136 124 0.009927 -0.991588 -0.129050
-2.000 -0.664 14.404 131 127 124 0.186867 0.980145 -0.066307
-1.994 -0.666 14.374 139 141 136 0.134687 0.990344 -0.032823
-2.008 -0.662 14.398 96 108 86 0.158654 0.982204 -0.100521
-2.012 -0.661 14.400 126 106 105 0.123874 0.987455 -0.097920
-2.017 -0.663 14.387 118 132 117 0.086323 0.990987 -0.102437
-2.029 -0.661 14.390 142 142 130 -0.051618 0.989917 -0.131912
-2.048 -0.664 14.432 85 89 90 0.123820 -0.984549 -0.123820
-1.995 -0.664 14.425 147 135 135 -0.100459 -0.994870 -0.011882
-2.016 -0.662 14.399 105 102 87 0.141826 0.985629 -0.091770
-2.043 -0.663 14.408 138 149 135 -0.220734 0.969968 -0.102168
-2.055 -0.664 14.426 119 119 117 -0.147382 0.987575 -0.054543
-2.017 -0.663 14.374 62 81 53 0.042549 0.996087 -0.077461
-2.023 -0.659 14.422 139 135 126 0.014737 -0.987397 -0.157575
-1.993 -0.663 14.439 148 137 133 0.038324 0.995322 0.088692
-1.999 -0.666 14.387 142 131 129 0.132422 0.987890 -0.080859
-2.009 -0.663 14.436 117 113 104 -0.036931 -0.992648 -0.115268
-2.026 -0.658 14.409 97 71 70 -0.037643 0.996992 -0.067757
-2.015 -0.660 14.418 126 119 111 0.098020 0.994521 0.036345
-1.993 -0.663 14.444 141 144 123 -0.043149 -0.994633 -0.094042
-2.009 -0.664 14.447 127 123 111 0.092659 0.995263 0.029433
-2.025 -0.663 14.382 145 139 123 -0.041176 0.993777 -0.103495
-2.024 -0.658 14.412 89 94 72 -0.005053 0.999558 -0.029310
-2.012 -0.662 14.432 137 129 126 -0.056765 -0.988167 -0.142491
-2.005 -0.662 14.434 112 109 94 -0.048146 -0.993160 -0.106370
-2.008 -0.665 14.352 155 154 150 0.080638 0.995273 -0.054127
-2.004 -0.665 14.457 164 150 150 -0.050593 -0.992747 -0.109056
-2.010 -0.662 14.433 144 142 129 -0.030257 -0.991772 -0.124392
-2.017 -0.664 14.356 155 147 136 0.086692 0.995315 -0.042797
-2.003 -0.663 14.422 127 120 110 0.138845 0.989974 -0.025963
-2.002 -0.663 14.409 134 110 108 0.205095 0.976934 -0.059466
-2.022 -0.662 14.427 120 124 110 0.007854 -0.988432 -0.151462
-2.026 -0.664 14.381 147 144 129 0.018445 0.994943 -0.098735
-1.994 -0.666 14.351 120 111 82 0.096041 0.994627 -0.038637
-2.036 -0.662 14.395 122 106 119 -0.147597 0.981945 -0.118321
-2.016 -0.660 14.404 80 93 65 0.136781 0.987860 -0.073651
-2.012 -0.664 14.355 133 136 125 0.125456 0.991217 -0.041819
-2.033 -0.661 14.403 92 95 84 -0.177528 0.977023 -0.117938
-1.990 -0.667 14.347 145 132 116 0.132167 0.990686 -0.032759
-2.003 -0.664 14.408 137 124 105 0.199903 0.977709 -0.064211
-1.981 -0.667 14.460 130 129 109 0.062461 0.996091 0.062461
-1.989 -0.665 14.452 141 126 103 0.022663 0.996101 0.085257
-2.027 -0.659 14.417 133 127 113 0.056560 -0.989223 -0.135051
-2.027 -0.661 14.395 138 140 126 -0.065013 0.984656 -0.161942
-2.008 -0.665 14.378 155 154 136 0.086640 0.993551 -0.073138
-2.030 -0.659 14.417 128 117 111 0.061247 -0.994433 -0.085746
-2.047 -0.663 14.409 129 126 119 -0.207349 0.975400 -0.074842
-2.058 -0.665 14.417 166 155 149 -0.213569 0.974021 -0.075305
-2.018 -0.663 14.369 105 95 93 0.039562 0.997609 -0.056670
-2.044 -0.662 14.421 126 131 108 -0.178080 0.983514 -0.031426
-2.039 -0.663 14.395 126 122 119 -0.210373 0.966682 -0.145841
-1.990 -0.667 14.369 146 137 130 0.124929 0.991552 -0.034890
-2.034 -0.665 14.378 159 150 153 -0.071319 0.992801 -0.096224
-2.015 -0.659 14.407 96 97 81 0.178966 0.982534 -0.050964
-2.042 -0.664 14.392 149 143 147 -0.200589 0.969727 -0.139262
-2.004 -0.666 14.370 148 131 121 0.114504 0.991993 -0.053284
-1.998 -0.667 14.352 153 138 131 0.140751 0.989763 -0.023646
-2.015 -0.661 14.402 117 99 87 0.152969 0.985403 -0.074706
-1.999 -0.665 14.391 140 126 125 0.160307 0.984406 -0.072435
-2.057 -0.665 14.409 155 159 142 -0.230433 0.970309 -0.073489
-1.998 -0.667 14.356 130 116 103 0.101069 0.994030 -0.041094
-2.024 -0.661 14.391 125 116 109 -0.042819 0.987155 -0.153918
-1.998 -0.667 14.360 137 130 124 0.116245 0.992034 -0.048530
-2.011 -0.660 14.418 139 133 117 0.174557 0.984594 -0.010268
-2.006 -0.663 14.443 111 109 94 -0.001092 -0.992361 -0.123363
-2.004 -0.664 14.396 145 133 121 0.145117 0.984634 -0.097144
-2.003 -0.665 14.387 132 134 131 0.134400 0.985998 -0.098719
-2.003 -0.662 14.430 123 124 92 -0.043063 -0.994860 -0.091646
-2.030 -0.659 14.404 112 100 100 -0.147777 0.983981 -0.099720
-2.025 -0.659 14.420 139 121 121 0.017010 -0.987712 -0.155358
-2.008 -0.663 14.408 126 120 98 0.190026 0.979179 -0.071411
-2.035 -0.665 14.373 157 149 138 -0.053582 0.996184 -0.068891
-2.037 -0.664 14.390 136 137 131 -0.198011 0.966758 -0.161773
-2.043 -0.664 14.396 114 116 103 -0.188191 0.975849 -0.110920
-2.003 -0.663 14.426 141 136 132 -0.036352 -0.994733 -0.095838
-1.986 -0.665 14.452 132 120 104 0.025963 -0.989974 -0.138845
-2.006 -0.661 14.417 107 95 95 0.144226 0.989137 -0.028391
-2.012 -0.660 14.404 123 115 102 0.156626 0.985684 -0.062415
-2.007 -0.663 14.361 87 78 69 0.103922 0.994368 -0.020784
-2.059 -0.665 14.422 121 116 110 -0.168910 0.983931 -0.057878
-2.055 -0.664 14.434 136 136 112 0.113553 -0.993311 -0.020947
-2.007 -0.664 14.387 130 134 119 0.130369 0.987751 -0.085738
-2.008 -0.665 14.370 133 125 106 0.106145 0.993295 -0.045810
-2.026 -0.666 14.365 126 122 111 0.028800 0.997324 -0.067199
-2.000 -0.665 14.377 140 135 129 0.143219 0.988783 -0.042393
-2.024 -0.658 14.401 77 65 69 -0.043655 0.992881 -0.110818
-2.019 -0.660 14.417 147 140 130 0.096177 0.995265 -0.014048
-2.029 -0.664 14.377 111 117 117 -0.094391 0.989361 -0.110706
-1.986 -0.668 14.359 156 145 141 0.127624 0.989949 -0.060938
-1.994 -0.666 14.347 148 146 133 0.116010 0.992276 -0.043926
-2.015 -0.662 14.394 139 137 124 0.121295 0.988023 -0.095387
-2.008 -0.664 14.373 154 138 138 0.105248 0.992496 -0.062243
-1.992 -0.665 14.460 152 148 139 0.003264 -0.993197 -0.116399
-2.060 -0.664 14.416 155 146 141 -0.233310 0.969420 -0.076106
-2.024 -0.660 14.395 135 136 118 -0.014100 0.994578 -0.103037
-2.035 -0.663 14.390 135 124 106 -0.218302 0.963404 -0.155556
-2.050 -0.664 14.430 114 118 101 -0.167527 0.985788 0.012536
-2.043 -0.664 14.400 127 130 121 -0.191883 0.974463 -0.116635
-2.025 -0.665 14.360 148 150 145 0.041865 0.997248 -0.061187
-1.999 -0.662 14.426 136 122 113 -0.061495 -0.993990 -0.090566
-2.004 -0.664 14.400 124 120 117 0.178966 0.980051 -0.086439
-2.022 -0.665 14.368 111 113 102 0.046448 0.997021 -0.061571
-2.004 -0.664 14.448 127 130 113 -0.043742 -0.992600 -0.113280
-2.030 -0.663 14.386 139 130 121 -0.099697 0.988759 -0.111426
-2.025 -0.665 14.373 83 92 89 0.007472 0.995848 -0.090726
-1.986 -0.665 14.447 152 145 126 -0.045276 -0.994962 -0.089447
-1.999 -0.665 14.447 132 146 131 -0.012252 -0.990185 -0.139227
-2.022 -0.665 14.360 152 148 147 0.071664 0.995584 -0.060639
-1.981 -0.668 14.356 161 158 149 0.099279 0.993903 -0.047966
-2.051 -0.664 14.427 115 113 98 -0.162647 0.984195 -0.070045
-2.013 -0.663 14.364 76 83 67 0.076385 0.995218 -0.060887
-2.032 -0.659 14.408 129 120 111 -0.152128 0.982136 -0.110749
-1.987 -0.669 14.352 148 144 145 0.105473 0.993663 -0.038858
-2.033 -0.665 14.386 151 150 148 -0.097720 0.987798 -0.121267
-2.015 -0.664 14.363 83 91 78 0.117233 0.992576 -0.032379
-2.049 -0.665 14.395 125 127 124 -0.253664 0.958140 -0.132746
-1.994 -0.667 14.368 138 139 131 0.113039 0.992727 -0.041410
-2.031 -0.666 14.368 143 146 135 -0.040922 0.994302 -0.098435
-2.011 -0.660 14.422 127 125 102 0.114170 0.990629 0.074960
-2.018 -0.661 14.400 111 101 89 0.129161 0.983798 -0.124333
-1.982 -0.668 14.351 141 136 140 0.108606 0.993125 -0.043666
-1.995 -0.664 14.449 136 126 124 0.079086 0.994699 0.065719
-1.995 -0.664 14.452 138 121 127 -0.001102 -0.990769 -0.135556
-2.052 -0.666 14.400 139 129 130 -0.238139 0.964141 -0.117139
-1.995 -0.666 14.377 135 136 131 0.111763 0.992317 -0.053059
-2.013 -0.664 14.444 120 119 114 -0.018847 -0.992221 -0.123058
-2.007 -0.662 14.427 152 138 137 -0.057359 -0.993094 -0.102346
-2.038 -0.664 14.435 122 113 106 0.069499 -0.985941 -0.151955
-2.040 -0.663 14.408 120 134 119 -0.219707 0.968996 -0.113028
-2.046 -0.665 14.401 119 119 95 -0.219229 0.969424 -0.110248
-2.000 -0.666 14.373 147 139 136 0.129071 0.990302 -0.051400
-2.009 -0.664 14.456 162 156 142 0.021518 -0.988699 -0.148361
-2.021 -0.666 14.356 157 154 145 0.053473 0.996348 -0.066569
-2.042 -0.662 14.412 145 156 142 -0.204093 0.976470 -0.069661
-2.053 -0.664 14.426 118 117 112 -0.167436 0.984713 -0.048006
-2.025 -0.665 14.369 122 119 110 0.054336 0.994673 -0.087602
-2.008 -0.663 14.395 130 131 115 0.151926 0.984527 -0.087327
-1.981 -0.666 14.457 110 95 76 0.024874 0.996033 0.085436
-2.013 -0.663 14.383 130 134 120 0.056443 0.994949 -0.083005
-2.004 -0.666 14.365 119 114 84 0.085758 0.994566 -0.059028
-2.017 -0.663 14.435 110 112 111 -0.007822 -0.988865 -0.148609
-2.030 -0.662 14.429 126 129 120 0.012392 -0.987942 -0.154331
-2.016 -0.664 14.360 133 137 123 0.105249 0.993774 -0.036560
-2.009 -0.664 14.451 140 138 125 -0.009889 -0.992212 -0.124164
-2.053 -0.664 14.435 143 142 121 0.135726 -0.990466 -0.023556
-2.007 -0.662 14.422 133 127 111 0.129614 0.991490 -0.012186
-2.026 -0.661 14.426 137 140 133 0.028871 -0.985063 -0.169759
-1.999 -0.662 14.417 121 108 102 0.162714 0.986526 -0.017068
-2.041 -0.663 14.403 110 114 113 -0.214273 0.969936 -0.115378
-2.029 -0.663 14.387 140 138 115 -0.046644 0.990897 -0.126280
-2.020 -0.659 14.404 92 78 75 0.085970 0.991522 -0.097433
-2.000 -0.664 14.457 152 140 142 -0.009814 -0.993375 -0.114494
-2.008 -0.663 14.400 124 128 111 0.137926 0.984674 -0.106743
-2.041 -0.661 14.414 130 127 118 -0.165140 0.984984 -0.050362
-2.034 -0.665 14.382 144 146 135 -0.107928 0.989922 -0.091681
-1.994 -0.667 14.364 131 134 125 0.099069 0.994033 -0.045639
-2.016 -0.660 14.421 122 122 110 -0.077097 -0.990756 -0.111618
-2.003 -0.666 14.373 151 140 138 0.109532 0.992565 -0.053072
-2.004 -0.665 14.355 150 144 146 0.114776 0.992866 -0.032315
-2.045 -0.665 14.434 93 85 100 0.089196 -0.990420 -0.105413
-2.003 -0.666 14.350 152 154 132 0.103715 0.993656 -0.043493
-2.013 -0.663 14.378 137 128 119 0.112819 0.989779 -0.087231
-2.012 -0.662 14.399 126 106 107 0.143001 0.984185 -0.104547
-2.020 -0.662 14.391 143 133 131 0.039717 0.990653 -0.130498
-2.006 -0.661 14.413 108 112 97 0.165972 0.985386 -0.038301
-2.040 -0.663 14.404 125 136 128 -0.201743 0.973630 -0.106510
-1.990 -0.667 14.365 144 134 132 0.095837 0.993320 -0.064267
-2.028 -0.658 14.409 101 115 89 -0.084057 0.994113 -0.068366
-2.026 -0.663 14.431 129 125 113 0.021641 -0.987513 -0.156043
-2.031 -0.661 14.426 123 112 120 0.060373 -0.983717 -0.169280
-2.030 -0.665 14.374 160 151 152 -0.104366 0.988542 -0.109056
-1.991 -0.665 14.436 155 140 143 0.061698 0.996906 0.048709
-2.022 -0.663 14.382 141 132 123 0.029898 0.993276 -0.111840
-1.985 -0.668 14.346 146 143 134 0.124929 0.991552 -0.034890
-2.007 -0.662 14.431 134 139 119 -0.039021 -0.993369 -0.108145
-2.020 -0.663 14.372 126 114 98 0.069175 0.995906 -0.058195
-2.000 -0.664 14.395 142 133 124 0.161032 0.984084 -0.075148
-2.044 -0.665 14.387 140 133 125 -0.157460 0.978235 -0.135143
-2.004 -0.664 14.404 135 133 112 0.180534 0.980213 -0.081180
-1.997 -0.663 14.421 130 128 115 0.181148 0.982872 -0.033892
-2.051 -0.664 14.418 163 168 161 -0.190862 0.978625 -0.076588
-2.052 -0.664 14.421 140 146 144 -0.191573 0.979553 -0.061448
-2.002 -0.663 14.443 113 107 93 -0.069593 -0.995297 -0.067384
-2.016 -0.663 14.390 144 133 131 0.100108 0.988121 -0.116596
-2.012 -0.662 14.395 123 114 109 0.116123 0.985249 -0.125700
-1.985 -0.666 14.456 89 86 77 0.042549 0.996087 0.077461
-1.986 -0.665 14.443 157 156 152 -0.037869 -0.996490 -0.074656
-1.998 -0.663 14.438 139 133 119 -0.001077 -0.994296 -0.106647
-1.999 -0.666 14.381 125 134 115 0.146761 0.988037 -0.047380
-2.025 -0.663 14.435 133 138 132 0.043067 -0.985885 -0.161792
-2.029 -0.660 14.401 92 80 80 -0.100931 0.986747 -0.127054
-2.026 -0.662 14.386 139 138 120 -0.051720 0.989567 -0.134471
-2.023 -0.665 14.365 140 132 113 0.013482 0.998720 -0.048743
-2.036 -0.660 14.422 134 128 132 0.091922 -0.984880 -0.146837
-1.981 -0.664 14.451 106 115 98 -0.005398 -0.994258 -0.106875
-1.996 -0.665 14.456 149 142 136 -0.003232 0.994518 0.104516
-2.013 -0.663 14.360 93 99 97 0.093836 0.994656 -0.043054
-2.039 -0.665 14.378 153 138 145 -0.131299 0.984144 -0.119254
-1.999 -0.662 14.434 153 152 131 -0.016276 -0.994980 -0.098739
-2.019 -0.664 14.364 114 114 88 0.085579 0.994718 -0.056682
-2.039 -0.665 14.381 143 139 127 -0.129698 0.983035 -0.129698
-2.023 -0.664 14.375 84 84 72 0.025070 0.995178 -0.094831
-1.991 -0.668 14.356 120 124 123 0.119753 0.991098 -0.058166
-2.020 -0.662 14.387 148 135 129 0.055670 0.991834 -0.114748
-2.016 -0.660 14.413 91 95 78 0.156876 0.986578 -0.045320
-2.008 -0.662 14.410 102 98 86 0.194322 0.978850 -0.063969
-2.029 -0.658 14.405 106 92 89 -0.099287 0.989365 -0.106295
-2.026 -0.659 14.398 103 89 86 -0.076024 0.988308 -0.132164
-2.003 -0.665 14.391 133 126 120 0.139129 0.983582 -0.114933
-2.021 -0.661 14.395 132 118 117 0.030719 0.988694 -0.146768
-1.989 -0.664 14.447 153 142 138 -0.052334 -0.994344 -0.092419
-2.011 -0.659 14.407 70 73 56 0.163028 0.984120 -0.070209
-1.990 -0.667 14.373 144 145 139 0.118990 0.991585 -0.050996
-2.030 -0.663 14.434 138 131 121 0.050187 -0.986233 -0.157564
-2.029 -0.658 14.412 91 100 71 -0.068353 0.993923 -0.086282
-2.037 -0.660 14.412 129 126 111 -0.175768 0.980662 -0.086066
-2.008 -0.665 14.365 102 113 71 0.081811 0.995916 -0.038179
-2.020 -0.659 14.400 60 57 40 0.099082 0.989656 -0.103745
-2.037 -0.661 14.405 109 120 106 -0.168393 0.979631 -0.109394
-1.992 -0.666 14.456 139 126 94 -0.035922 -0.996014 -0.081641
-2.020 -0.663 14.435 123 135 125 0.041022 -0.983359 -0.176981
-2.020 -0.663 14.378 128 128 116 -0.005305 0.996286 -0.085942
-2.033 -0.660 14.426 102 98 86 0.081699 -0.986306 -0.143269
-2.049 -0.663 14.421 147 146 151 -0.213095 0.974325 -0.072674
-2.011 -0.661 14.425 137 135 120 -0.016785 -0.990340 -0.137640
-2.000 -0.664 14.408 134 120 111 0.177428 0.982403 -0.058349
-2.003 -0.667 14.347 163 156 146 0.096437 0.994301 -0.045447
-2.003 -0.666 14.343 174 154 155 0.105921 0.993423 -0.043483
-2.016 -0.665 14.352 150 137 131 0.095436 0.993655 -0.059507
-1.998 -0.667 14.346 157 155 134 0.113291 0.992695 -0.041502
-1.990 -0.667 14.343 149 152 145 0.098435 0.994302 -0.040922
-1.982 -0.668 14.361 155 155 147 0.114261 0.992146 -0.050908
-2.007 -0.666 14.347 151 146 140 0.094230 0.994408 -0.047670
